0.50470001 0.60869998 0.63690001 0.68460000 0.73960000 0.74290001 0.77850002 0.79869998 0.79799998 0.83440000 0.81610000 0.82380003 0.83600003 0.83960003 0.84750003 0.84789997 0.86299998 0.85409999 0.84990001 0.86049998 0.86129999 0.87029999 0.87519997 0.87300003 0.87620002 0.87220001 0.88200003 0.87970001 0.88770002 0.87070000 0.89480001 0.89289999 0.88550001 0.88020003 0.89480001 0.89230001 0.90039998 0.89690000 0.89719999 0.89639997 0.90490001 0.89810002 0.89740002 0.89209998 0.90810001 0.89940000 0.90039998 0.90439999 0.90619999 0.90640002
0.47240001 0.58230001 0.60130000 0.67650002 0.71190000 0.72320002 0.76690000 0.76209998 0.80019999 0.78680003 0.82910001 0.83499998 0.80839998 0.82459998 0.83319998 0.84670001 0.83780003 0.84869999 0.83550000 0.86059999 0.87210000 0.87559998 0.86339998 0.87730002 0.88319999 0.87379998 0.88370001 0.88349998 0.87849998 0.88370001 0.87650001 0.88709998 0.88319999 0.88279998 0.90340000 0.89270002 0.87500000 0.89899999 0.88940001 0.88999999 0.90170002 0.90420002 0.90170002 0.89219999 0.88599998 0.89770001 0.90100002 0.89950001 0.89420003 0.90750003
0.45730001 0.53759998 0.62980002 0.67360002 0.72880000 0.71679997 0.76209998 0.75800002 0.79780000 0.79350001 0.80489999 0.81739998 0.84149998 0.81650001 0.84170002 0.85439998 0.85210001 0.86100000 0.86129999 0.86189997 0.86629999 0.86940002 0.86710000 0.86220002 0.87690002 0.87230003 0.87230003 0.87300003 0.87949997 0.88389999 0.88059998 0.88660002 0.88690001 0.88849998 0.88370001 0.89249998 0.86750001 0.88970000 0.89120001 0.90030003 0.89170003 0.88690001 0.88270003 0.89410001 0.90130001 0.89170003 0.90280002 0.90170002 0.88669997 0.90539998
0.42980000 0.61170000 0.65939999 0.67629999 0.74040002 0.73199999 0.78570002 0.79939997 0.78689998 0.83010000 0.80930001 0.84990001 0.84500003 0.85780001 0.83980000 0.86849999 0.85009998 0.84369999 0.87269998 0.87050003 0.84770000 0.85240000 0.86989999 0.87220001 0.87830001 0.87570000 0.88010001 0.88800001 0.88870001 0.88260001 0.85509998 0.89859998 0.89120001 0.89969999 0.89330000 0.89120001 0.90310001 0.90369999 0.90210003 0.90200001 0.89789999 0.89969999 0.90499997 0.90060002 0.90990001 0.89240003 0.90410000 0.91289997 0.90920001 0.91070002
0.45660001 0.59829998 0.64980000 0.71200001 0.74930000 0.76419997 0.74479997 0.80280000 0.79259998 0.82319999 0.80989999 0.83740002 0.84520000 0.81379998 0.82870001 0.85299999 0.84200001 0.85879999 0.84439999 0.86860001 0.87410003 0.86849999 0.87269998 0.86839998 0.86839998 0.87140000 0.87830001 0.87199998 0.87800002 0.87970001 0.88099998 0.89120001 0.89039999 0.89450002 0.89590001 0.88590002 0.88940001 0.90590000 0.88529998 0.88950002 0.90069997 0.89399999 0.90310001 0.88810003 0.89770001 0.88990003 0.90310001 0.89029998 0.90160000 0.90090001
0.40910000 0.53979999 0.64510000 0.69959998 0.71249998 0.74690002 0.79320002 0.80900002 0.80059999 0.79990000 0.80659997 0.82830000 0.82380003 0.84179997 0.84890002 0.85369998 0.85560000 0.84799999 0.87040001 0.85729998 0.85729998 0.87629998 0.88050002 0.88349998 0.86729997 0.87900001 0.86919999 0.89490002 0.87840003 0.89039999 0.86229998 0.87360001 0.89209998 0.89279997 0.90009999 0.89020002 0.88779998 0.89170003 0.90450001 0.89620000 0.90270001 0.89459997 0.87910002 0.90770000 0.89569998 0.90380001 0.89459997 0.87949997 0.89789999 0.90950000
0.43689999 0.57770002 0.64249998 0.67549998 0.69019997 0.74779999 0.78799999 0.79809999 0.81610000 0.80620003 0.79530001 0.83399999 0.82230002 0.84399998 0.85670000 0.83770001 0.85070002 0.86409998 0.85390002 0.85320002 0.86699998 0.87900001 0.86339998 0.86739999 0.88169998 0.85610002 0.87610000 0.88370001 0.89340001 0.87580001 0.89080000 0.88599998 0.89270002 0.87459999 0.89349997 0.89330000 0.89349997 0.89179999 0.89840001 0.89069998 0.90130001 0.90890002 0.89620000 0.89450002 0.90930003 0.90230000 0.89999998 0.91039997 0.89630002 0.90799999
0.41420001 0.51069999 0.60589999 0.67019999 0.69770002 0.72630000 0.75110000 0.77270001 0.79890001 0.79720002 0.81739998 0.82150000 0.82330000 0.83099997 0.83450001 0.83219999 0.82999998 0.85860002 0.83969998 0.84799999 0.86839998 0.85879999 0.86140001 0.86960000 0.86729997 0.88340002 0.88090003 0.87320000 0.86830002 0.88020003 0.88129997 0.88859999 0.89150000 0.89289999 0.87489998 0.87819999 0.88959998 0.89740002 0.88180000 0.89270002 0.89139998 0.89260000 0.89600003 0.89880002 0.88800001 0.89429998 0.90030003 0.89529997 0.89920002 0.90439999
0.43979999 0.50010002 0.57609999 0.67790002 0.72119999 0.74989998 0.75520003 0.77819997 0.80199999 0.80790001 0.81980002 0.81449997 0.82120001 0.83910000 0.84729999 0.85030001 0.83630002 0.85570002 0.85640001 0.86100000 0.86559999 0.87250000 0.86769998 0.87210000 0.87580001 0.87669998 0.85020000 0.87760001 0.88000000 0.88470000 0.87519997 0.88440001 0.87930000 0.89620000 0.88599998 0.90579998 0.89170003 0.87599999 0.90460002 0.88569999 0.90149999 0.89850003 0.90020001 0.90300000 0.90300000 0.90740001 0.89510000 0.90480000 0.90460002 0.90120000
0.38740000 0.56250000 0.59710002 0.68510002 0.70279998 0.74860001 0.70179999 0.79000002 0.79579997 0.77079999 0.81000000 0.81400001 0.82569999 0.80239999 0.82620001 0.84539998 0.85320002 0.85799998 0.85369998 0.86720002 0.86930001 0.87840003 0.85979998 0.86790001 0.87029999 0.87680000 0.88010001 0.88290000 0.87339997 0.89020002 0.88139999 0.88029999 0.88910002 0.88010001 0.89279997 0.88330001 0.87840003 0.89240003 0.89910001 0.90300000 0.88800001 0.89940000 0.89980000 0.89539999 0.89829999 0.89480001 0.91469997 0.88389999 0.89319998 0.89840001
