0.37500000 0.50300002 0.60579997 0.65369999 0.67589998 0.70230001 0.74320000 0.77050000 0.79290003 0.79879999 0.78469998 0.78509998 0.82459998 0.82789999 0.84420002 0.84350002 0.85490000 0.86170000 0.85630000 0.86790001 0.84619999 0.86400002 0.87360001 0.87379998 0.87940001 0.87840003 0.88709998 0.87650001 0.87690002 0.87510002 0.88150001 0.88290000 0.88749999 0.87489998 0.88410002 0.88370001 0.88980001 0.88090003 0.88880002 0.89370000 0.90130001 0.89420003 0.88739997 0.90120000 0.88559997 0.90259999 0.89450002 0.89679998 0.90810001 0.90149999
0.39440000 0.45960000 0.55369997 0.64679998 0.66860002 0.68519998 0.70169997 0.74309999 0.77829999 0.76139998 0.80839998 0.80710000 0.81989998 0.81800002 0.82459998 0.83109999 0.82999998 0.84219998 0.83910000 0.84539998 0.85900003 0.84780002 0.86269999 0.85689998 0.86159998 0.86960000 0.87629998 0.88230002 0.88209999 0.88360000 0.87019998 0.87940001 0.89230001 0.88779998 0.88429999 0.89069998 0.87860000 0.89899999 0.89310002 0.89910001 0.89770001 0.89389998 0.89359999 0.89520001 0.90130001 0.88990003 0.90619999 0.90450001 0.89630002 0.90399998
0.39440000 0.45860001 0.60140002 0.63139999 0.68370003 0.70179999 0.76599997 0.74269998 0.76830000 0.78990000 0.80220002 0.82520002 0.81910002 0.81809998 0.83999997 0.83279997 0.82760000 0.83630002 0.84170002 0.86809999 0.84310001 0.85430002 0.84399998 0.86330003 0.88630003 0.86460000 0.88239998 0.87510002 0.86960000 0.88789999 0.86619997 0.88700002 0.88669997 0.87959999 0.87750000 0.89469999 0.88720000 0.89170003 0.88859999 0.89600003 0.89109999 0.88620001 0.89279997 0.89080000 0.90450001 0.90189999 0.89899999 0.89300001 0.89550000 0.90649998
0.36570001 0.47260001 0.57639998 0.59340000 0.66729999 0.71160001 0.67909998 0.75389999 0.78719997 0.78640002 0.73619998 0.77890003 0.81610000 0.81070000 0.82480001 0.83569998 0.84770000 0.84399998 0.85780001 0.84390002 0.85939997 0.83440000 0.85810000 0.87220001 0.87059999 0.86750001 0.85470003 0.87390000 0.86720002 0.87220001 0.87699997 0.87000000 0.88290000 0.88279998 0.88739997 0.89270002 0.88559997 0.88569999 0.88779998 0.88950002 0.88739997 0.88380003 0.89340001 0.89520001 0.88730001 0.90490001 0.90429997 0.89990002 0.90420002 0.89990002
0.42039999 0.50680000 0.58939999 0.65380001 0.70169997 0.69709998 0.75580001 0.76249999 0.76059997 0.80119997 0.82340002 0.81120002 0.82020003 0.82139999 0.84249997 0.85320002 0.84810001 0.82050002 0.83649999 0.86780000 0.86470002 0.86479998 0.86849999 0.88139999 0.87290001 0.88520002 0.88010001 0.87919998 0.88090003 0.86669999 0.87680000 0.87800002 0.88760000 0.87849998 0.88880002 0.88620001 0.88429999 0.90270001 0.89950001 0.89039999 0.89389998 0.89859998 0.89670002 0.89719999 0.90590000 0.90579998 0.89999998 0.89289999 0.90410000 0.89789999
0.42480001 0.55419999 0.58630002 0.62040001 0.69000000 0.72500002 0.73979998 0.77020001 0.78469998 0.77780002 0.80570000 0.82709998 0.82300001 0.82380003 0.83499998 0.83550000 0.84450001 0.84719998 0.83789998 0.85810000 0.85699999 0.87970001 0.84439999 0.87589997 0.85820001 0.87589997 0.88580000 0.87140000 0.88000000 0.85720003 0.87470001 0.88419998 0.88279998 0.87239999 0.88459998 0.88309997 0.89440000 0.89249998 0.87919998 0.89670002 0.87190002 0.89410001 0.87790000 0.89480001 0.89399999 0.88590002 0.89039999 0.87430000 0.90539998 0.89469999
0.39390001 0.52319998 0.54600000 0.59520000 0.64740002 0.68959999 0.74269998 0.75540000 0.75790000 0.75690001 0.78530002 0.81250000 0.82090002 0.81620002 0.81529999 0.83270001 0.84689999 0.81680000 0.85600001 0.84520000 0.85210001 0.85659999 0.86760002 0.86049998 0.86739999 0.86510003 0.86540002 0.86629999 0.86960000 0.86479998 0.85900003 0.87129998 0.87050003 0.89179999 0.86390001 0.88459998 0.89319998 0.89730000 0.89410001 0.89940000 0.87900001 0.88819999 0.88760000 0.88480002 0.88749999 0.88599998 0.89490002 0.90020001 0.90109998 0.89249998
0.39370000 0.48440000 0.58209997 0.64620000 0.60879999 0.69840002 0.73610002 0.77829999 0.77840000 0.77950001 0.78960001 0.80800003 0.80299997 0.82749999 0.82940000 0.82830000 0.83510000 0.85409999 0.83679998 0.83279997 0.86299998 0.84920001 0.83899999 0.87099999 0.88190001 0.85710001 0.86900002 0.87580001 0.86339998 0.87410003 0.87739998 0.88870001 0.88700002 0.88260001 0.87660003 0.88940001 0.89399999 0.89090002 0.89270002 0.89300001 0.88789999 0.89090002 0.88730001 0.89310002 0.89319998 0.88990003 0.89679998 0.89429998 0.89670002 0.89039999
0.41630000 0.52450001 0.61879998 0.65390003 0.67420000 0.71780002 0.75340003 0.74820000 0.77460003 0.77560002 0.80369997 0.80140001 0.81370002 0.81559998 0.81540000 0.83730000 0.82209998 0.82330000 0.84410000 0.84160000 0.86350000 0.85369998 0.87300003 0.85680002 0.87339997 0.88090003 0.86650002 0.84920001 0.88730001 0.87900001 0.86580002 0.88749999 0.87790000 0.86720002 0.88180000 0.87599999 0.86790001 0.87349999 0.89770001 0.89630002 0.89910001 0.87840003 0.88510001 0.89940000 0.89760000 0.90850002 0.89800000 0.89829999 0.90570003 0.89670002
0.44119999 0.51969999 0.54879999 0.62169999 0.66020000 0.68400002 0.75370002 0.76520002 0.75760001 0.78179997 0.80129999 0.80080003 0.83260000 0.82730001 0.83230001 0.85219997 0.84820002 0.85450000 0.85070002 0.84850001 0.87300003 0.86820000 0.86839998 0.87140000 0.87239999 0.85920000 0.87309998 0.87540001 0.87199998 0.88440001 0.88990003 0.88720000 0.88349998 0.89230001 0.89429998 0.90140003 0.87959999 0.89090002 0.86059999 0.89120001 0.89560002 0.89060003 0.88789999 0.88349998 0.89749998 0.89960003 0.89440000 0.89880002 0.90170002 0.89469999
