0.10050000 0.15870000 0.26210001 0.32789999 0.35450000 0.42800000 0.43149999 0.48249999 0.46050000 0.51789999 0.53509998 0.56250000 0.58389997 0.57099998 0.58399999 0.60619998 0.57510000 0.61019999 0.61720002 0.63440001 0.63419998 0.63590002 0.63270003 0.64130002 0.64039999 0.64480001 0.64630002 0.66619998 0.66000003 0.66310000 0.65890002 0.66939998 0.67479998 0.67619997 0.66409999 0.67269999 0.67379999 0.66509998 0.66399997 0.67600000 0.67640001 0.67949998 0.66579998 0.67140001 0.66649997 0.68720001 0.67949998 0.68889999 0.68370003 0.68250000
0.11490000 0.20340000 0.27280000 0.30790001 0.37259999 0.42170000 0.44190001 0.48249999 0.50070000 0.51099998 0.51590002 0.55510002 0.55849999 0.58789998 0.58029997 0.60509998 0.61979997 0.61350000 0.61970001 0.62010002 0.62690002 0.63779998 0.63950002 0.64899999 0.65619999 0.65950000 0.64950001 0.65850002 0.65050000 0.66479999 0.65090001 0.64950001 0.67409998 0.67150003 0.66890001 0.66579998 0.67390001 0.66509998 0.67589998 0.66439998 0.67320001 0.67269999 0.68800002 0.68229997 0.68500000 0.67049998 0.68779999 0.67199999 0.68349999 0.68099999
0.12920000 0.18410000 0.27100000 0.33500001 0.35749999 0.41589999 0.44530001 0.49129999 0.50779998 0.53090000 0.52670002 0.55250001 0.58200002 0.56599998 0.59649998 0.60030001 0.61940002 0.60229999 0.61589998 0.63529998 0.62129998 0.63749999 0.64749998 0.63900000 0.62300003 0.64359999 0.64569998 0.63590002 0.65230000 0.64630002 0.65160000 0.68000001 0.67369998 0.65799999 0.67610002 0.66640002 0.66360003 0.67240000 0.65399998 0.67140001 0.67619997 0.67979997 0.67470002 0.67940003 0.68250000 0.68250000 0.66170001 0.67580003 0.68989998 0.67970002
0.10680000 0.20700000 0.27930000 0.33219999 0.36640000 0.41280001 0.45300001 0.47279999 0.50680000 0.50209999 0.52770001 0.53899997 0.57730001 0.57489997 0.59990001 0.60149997 0.59710002 0.61100000 0.61409998 0.62449998 0.62029999 0.63880002 0.64850003 0.62900001 0.63720000 0.65910000 0.65060002 0.65350002 0.66520000 0.66070002 0.66659999 0.67250001 0.65950000 0.66240001 0.67199999 0.68599999 0.66750002 0.66159999 0.68790001 0.68269998 0.66320002 0.67790002 0.66280001 0.68030000 0.68889999 0.66049999 0.67070001 0.68720001 0.67940003 0.68690002
0.10930000 0.17900001 0.24800000 0.31750000 0.33759999 0.40520000 0.43810001 0.47200000 0.47999999 0.50480002 0.53710002 0.54549998 0.56370002 0.57090002 0.57410002 0.60159999 0.59429997 0.61150002 0.61379999 0.62400001 0.62290001 0.63330001 0.61580002 0.61570001 0.63059998 0.65179998 0.64969999 0.65219998 0.65060002 0.65319997 0.66589999 0.63389999 0.66560000 0.66750002 0.65950000 0.66600001 0.67589998 0.65770000 0.65930003 0.66920000 0.66619998 0.65920001 0.67409998 0.66479999 0.68269998 0.66649997 0.67989999 0.68099999 0.69059998 0.67680001
0.07770000 0.17010000 0.24470000 0.30440000 0.35220000 0.39390001 0.43070000 0.47670001 0.48640001 0.50860000 0.52840000 0.51419997 0.56140000 0.57050002 0.57590002 0.58810002 0.59340000 0.60549998 0.61659998 0.60810000 0.61210001 0.61559999 0.64459997 0.63330001 0.62860000 0.63340002 0.65200001 0.63749999 0.64730000 0.66020000 0.63679999 0.67439997 0.66079998 0.65640002 0.66100001 0.66240001 0.67030001 0.67299998 0.66210002 0.66829997 0.66170001 0.65869999 0.67850000 0.65770000 0.67659998 0.67189997 0.66180003 0.66130000 0.67299998 0.66250002
0.10610000 0.17410000 0.23549999 0.31420001 0.34790000 0.39240000 0.40400001 0.44949999 0.47229999 0.49579999 0.49219999 0.53649998 0.53649998 0.55800003 0.56870002 0.58120000 0.58960003 0.59909999 0.59340000 0.61140001 0.61780000 0.62889999 0.63940001 0.63889998 0.63770002 0.63650000 0.64520001 0.64749998 0.65380001 0.64950001 0.65850002 0.64740002 0.66090000 0.65300000 0.66820002 0.65619999 0.67199999 0.66520000 0.65020001 0.65829998 0.66270000 0.66839999 0.65590000 0.66380000 0.66289997 0.67580003 0.67220002 0.67259997 0.66949999 0.67199999
0.08670000 0.16339999 0.21150000 0.30109999 0.33190000 0.36379999 0.43300000 0.46050000 0.47020000 0.48490000 0.52300000 0.54689997 0.56339997 0.54350001 0.57429999 0.57800001 0.59909999 0.60490000 0.61360002 0.62650001 0.62410003 0.62050003 0.64510000 0.65079999 0.63340002 0.63970000 0.65509999 0.65210003 0.64819998 0.65280002 0.66060001 0.65689999 0.67030001 0.66090000 0.66360003 0.66039997 0.66329998 0.67729998 0.65719998 0.66570002 0.66700000 0.68480003 0.67339998 0.65930003 0.67390001 0.68159997 0.69209999 0.67100000 0.66909999 0.67439997
0.10430000 0.19530000 0.26660001 0.31540000 0.36030000 0.39210001 0.43660000 0.47389999 0.49800000 0.52469999 0.52240002 0.52890003 0.56959999 0.56260002 0.57560003 0.58219999 0.61180001 0.62110001 0.60369998 0.61960000 0.63029999 0.60939997 0.63419998 0.64719999 0.64620000 0.64870000 0.63999999 0.64740002 0.64510000 0.64639997 0.65130001 0.66020000 0.64749998 0.67049998 0.67220002 0.67799997 0.67189997 0.67250001 0.65939999 0.66450000 0.66560000 0.67369998 0.67150003 0.67970002 0.67199999 0.66049999 0.67589998 0.67710000 0.67320001 0.67449999
0.10970000 0.18539999 0.25299999 0.31439999 0.36050001 0.38720000 0.43680000 0.47839999 0.47690001 0.50779998 0.51679999 0.55980003 0.57069999 0.57270002 0.57260001 0.57910001 0.59770000 0.60030001 0.63279998 0.62059999 0.63230002 0.61839998 0.65079999 0.63889998 0.64910001 0.64749998 0.65799999 0.65030003 0.66430002 0.64389998 0.65840000 0.65090001 0.66339999 0.65420002 0.66469997 0.67549998 0.66360003 0.67390001 0.67110002 0.67430001 0.67360002 0.66530001 0.66740000 0.66759998 0.67390001 0.65609998 0.66850001 0.66740000 0.67159998 0.67060000
