0.16280000 0.19250000 0.21550000 0.24990000 0.27320001 0.30059999 0.31420001 0.32910001 0.33579999 0.34680000 0.35420001 0.36989999 0.37180001 0.37390000 0.37480000 0.39379999 0.39719999 0.39620000 0.39690000 0.40070000 0.41080001 0.41510001 0.41339999 0.41650000 0.41769999 0.42190000 0.42070001 0.42809999 0.42670000 0.42510000 0.43290001 0.42140001 0.42559999 0.43550000 0.43640000 0.43579999 0.43660000 0.43329999 0.43489999 0.43460000 0.43210000 0.43520001 0.43689999 0.44299999 0.43830001 0.44119999 0.43779999 0.44250000 0.44600001 0.44200000
0.14180000 0.19730000 0.22960000 0.25770000 0.29319999 0.30779999 0.32470000 0.33419999 0.34740001 0.35339999 0.35960001 0.36640000 0.35699999 0.37889999 0.38479999 0.38650000 0.39199999 0.39070001 0.39719999 0.40820000 0.40570000 0.39320001 0.40540001 0.40090001 0.41880000 0.41740000 0.41240001 0.41130000 0.42850000 0.42210001 0.42390001 0.42109999 0.42789999 0.42219999 0.42890000 0.42030001 0.42969999 0.42640001 0.43579999 0.43169999 0.43030000 0.43680000 0.42750001 0.43650001 0.43529999 0.43590000 0.43880001 0.43529999 0.43149999 0.44040000
0.13680001 0.18889999 0.21789999 0.24280000 0.26460001 0.27630001 0.28729999 0.30340001 0.30720001 0.32020000 0.33840001 0.34709999 0.35890001 0.36190000 0.37169999 0.36989999 0.38409999 0.38339999 0.39559999 0.39120001 0.39550000 0.40220001 0.40169999 0.40950000 0.41020000 0.41530001 0.41290000 0.42210001 0.41720000 0.41229999 0.41870001 0.42129999 0.43040001 0.42420000 0.42620000 0.43300000 0.43349999 0.42559999 0.44330001 0.43430001 0.44499999 0.43979999 0.44049999 0.44440001 0.43880001 0.44420001 0.43660000 0.44090000 0.44639999 0.44710001
0.14720000 0.18650000 0.21560000 0.24160001 0.26429999 0.28070000 0.30680001 0.31850001 0.32150000 0.32900000 0.34830001 0.35220000 0.35049999 0.36250001 0.37180001 0.38110000 0.37940001 0.37279999 0.38890001 0.39280000 0.39350000 0.39980000 0.40529999 0.40230000 0.40920001 0.40439999 0.40740001 0.41360000 0.41710001 0.41830000 0.41520000 0.41960001 0.42070001 0.42120001 0.42370000 0.42340001 0.43300000 0.42860001 0.43239999 0.42160001 0.42960000 0.42019999 0.42429999 0.43149999 0.43290001 0.44069999 0.43820000 0.43730000 0.42989999 0.43930000
0.14229999 0.17930000 0.19900000 0.22059999 0.24630000 0.27059999 0.28240001 0.30180001 0.30410001 0.32100001 0.33410001 0.33910000 0.34410000 0.35640001 0.35960001 0.36260000 0.36930001 0.36919999 0.37880000 0.37869999 0.38769999 0.38670000 0.37920001 0.39550000 0.39980000 0.40030000 0.41209999 0.40360001 0.40990001 0.41010001 0.40759999 0.39649999 0.41420001 0.41659999 0.41870001 0.42410001 0.41729999 0.41659999 0.41929999 0.41929999 0.43160000 0.42809999 0.42300001 0.41749999 0.42840001 0.43050000 0.42890000 0.42739999 0.43329999 0.42570001
0.13510001 0.19190000 0.21850000 0.23780000 0.25650001 0.27340001 0.29200000 0.30070001 0.31999999 0.32440001 0.32570001 0.33840001 0.33960000 0.34840000 0.36449999 0.36129999 0.37180001 0.37689999 0.38190001 0.39219999 0.39309999 0.39620000 0.40509999 0.40439999 0.40329999 0.40860000 0.41100001 0.40740001 0.41280001 0.42150000 0.41900000 0.41659999 0.41249999 0.41769999 0.42420000 0.42269999 0.42379999 0.43300000 0.42570001 0.42789999 0.43730000 0.42890000 0.41830000 0.42109999 0.42809999 0.43329999 0.43500000 0.43779999 0.43189999 0.43779999
0.14320000 0.18770000 0.22499999 0.24140000 0.25979999 0.28330001 0.29589999 0.31439999 0.31560001 0.31680000 0.33019999 0.33970001 0.34279999 0.34799999 0.34610000 0.35760000 0.35530001 0.36620000 0.36430001 0.38270000 0.38710001 0.39460000 0.39899999 0.39930001 0.40849999 0.40410000 0.41880000 0.41810000 0.42460001 0.42460001 0.41760001 0.42469999 0.43259999 0.42510000 0.42120001 0.43370000 0.43059999 0.42940000 0.43419999 0.43279999 0.43590000 0.42879999 0.43529999 0.42989999 0.43689999 0.43370000 0.43990001 0.43660000 0.44020000 0.44290000
0.13830000 0.17950000 0.21349999 0.24349999 0.27120000 0.29020000 0.30570000 0.30919999 0.32900000 0.32780001 0.34720001 0.35710001 0.36629999 0.35820001 0.37430000 0.38110000 0.38209999 0.38240001 0.39300001 0.39390001 0.39719999 0.40570000 0.39219999 0.41409999 0.41180000 0.40910000 0.41040000 0.40689999 0.41620001 0.41350001 0.41749999 0.41450000 0.42640001 0.42269999 0.43279999 0.43239999 0.42890000 0.42510000 0.43439999 0.43390000 0.43579999 0.43489999 0.43439999 0.43660000 0.43489999 0.44340000 0.43700001 0.44049999 0.43560001 0.43860000
0.15270001 0.18889999 0.21540000 0.25850001 0.27750000 0.29660001 0.30779999 0.31970000 0.32810000 0.33469999 0.34020001 0.34439999 0.35100001 0.35670000 0.36469999 0.36840001 0.37140000 0.38040000 0.39010000 0.38040000 0.38670000 0.39219999 0.39480001 0.39770001 0.40059999 0.40160000 0.40189999 0.39690000 0.40500000 0.40720001 0.40799999 0.41190001 0.40730000 0.41380000 0.41139999 0.42190000 0.41479999 0.42170000 0.41929999 0.42370000 0.41970000 0.42629999 0.42829999 0.42950001 0.43180001 0.42490000 0.42870000 0.43140000 0.43439999 0.43640000
0.15150000 0.18410000 0.20930000 0.23280001 0.25090000 0.27579999 0.29049999 0.31000000 0.31930000 0.33559999 0.35319999 0.35290000 0.36269999 0.37020001 0.37509999 0.38380000 0.39019999 0.39840001 0.40810001 0.40640000 0.40470001 0.40820000 0.41010001 0.42030001 0.41769999 0.42129999 0.42260000 0.42210001 0.42809999 0.42379999 0.42399999 0.42910001 0.42260000 0.43250000 0.43480000 0.42930001 0.43320000 0.43430001 0.43500000 0.43419999 0.43099999 0.44100001 0.43189999 0.43520001 0.43419999 0.44350001 0.44299999 0.44380000 0.43700001 0.43979999
0.14000000 0.18320000 0.20290001 0.22480001 0.25430000 0.26040000 0.27649999 0.28700000 0.30640000 0.31549999 0.32069999 0.34079999 0.34830001 0.36240000 0.36629999 0.36019999 0.37349999 0.37779999 0.38010001 0.38990000 0.39050001 0.40290001 0.39800000 0.40090001 0.39539999 0.39530000 0.40669999 0.40220001 0.41000000 0.41299999 0.40720001 0.41960001 0.41510001 0.41370001 0.42039999 0.41690001 0.41810000 0.42160001 0.42550001 0.42660001 0.41990000 0.43470001 0.42719999 0.42370000 0.43009999 0.43399999 0.42399999 0.42789999 0.43340001 0.42129999
0.14320000 0.18580000 0.20810001 0.23330000 0.26560000 0.29310000 0.31389999 0.32159999 0.34360000 0.34799999 0.35650000 0.36690000 0.36309999 0.37459999 0.37310001 0.37940001 0.38960001 0.39309999 0.38999999 0.40619999 0.40650001 0.39449999 0.40480000 0.40059999 0.40590000 0.41380000 0.41450000 0.42070001 0.41720000 0.41540000 0.42190000 0.41620001 0.42640001 0.42840001 0.41830000 0.42160001 0.42820001 0.42899999 0.42340001 0.43180001 0.42760000 0.41890001 0.43759999 0.43529999 0.43220001 0.43680000 0.43300000 0.43329999 0.43079999 0.43059999
0.12809999 0.17630000 0.20330000 0.23520000 0.26650000 0.28000000 0.29240000 0.29859999 0.32510000 0.34050000 0.35319999 0.35540000 0.36719999 0.36840001 0.37660000 0.37779999 0.38730001 0.39539999 0.39300001 0.39559999 0.40279999 0.41049999 0.40439999 0.39760000 0.40889999 0.40979999 0.41220000 0.40910000 0.41150001 0.41460001 0.42109999 0.42559999 0.42010000 0.42420000 0.42160001 0.42919999 0.42719999 0.42780000 0.42730001 0.42660001 0.42960000 0.43160000 0.42760000 0.42930001 0.43480000 0.43200001 0.43520001 0.43540001 0.43099999 0.44150001
0.15580000 0.19410001 0.23070000 0.25420001 0.27790001 0.29620001 0.31569999 0.32780001 0.34480000 0.33680001 0.36059999 0.35360000 0.36700001 0.37540001 0.37549999 0.38560000 0.38589999 0.39240000 0.39780000 0.39690000 0.40400001 0.40210000 0.40580001 0.40730000 0.41710001 0.41319999 0.40979999 0.40849999 0.41650000 0.42410001 0.42289999 0.41949999 0.41350001 0.42160001 0.42190000 0.42449999 0.42879999 0.42150000 0.42420000 0.43070000 0.42919999 0.42530000 0.43270001 0.42800000 0.42919999 0.43110001 0.43050000 0.43340001 0.42960000 0.43399999
0.15889999 0.21269999 0.24270000 0.26060000 0.28130001 0.29780000 0.30710000 0.32969999 0.33719999 0.34680000 0.34099999 0.34799999 0.35339999 0.36660001 0.38010001 0.37869999 0.38190001 0.38350001 0.38810000 0.39480001 0.39610001 0.39590001 0.40200001 0.39640000 0.40619999 0.40300000 0.40529999 0.41360000 0.41470000 0.41200000 0.40970001 0.40959999 0.41600001 0.41370001 0.42219999 0.41880000 0.42559999 0.42789999 0.42460001 0.42800000 0.43230000 0.42829999 0.43239999 0.42800000 0.43110001 0.43450001 0.42680001 0.42950001 0.42379999 0.43480000
0.12210000 0.17580000 0.21450000 0.24879999 0.27070001 0.29300001 0.30960000 0.32409999 0.32510000 0.32760000 0.33600000 0.34909999 0.35339999 0.36610001 0.36090001 0.38370001 0.37930000 0.38499999 0.38460001 0.39680001 0.39170000 0.40009999 0.39829999 0.40270001 0.40239999 0.41350001 0.41360000 0.41710001 0.41370001 0.41740000 0.42460001 0.41999999 0.43250000 0.42350000 0.42490000 0.42390001 0.42440000 0.42350000 0.42570001 0.43130001 0.41589999 0.42399999 0.42710000 0.42780000 0.43250000 0.43680000 0.43360001 0.44040000 0.43550000 0.43279999
0.13910000 0.17150000 0.19640000 0.22250000 0.24730000 0.26690000 0.27270001 0.29159999 0.29750001 0.30820000 0.30620000 0.32010001 0.32150000 0.31930000 0.32519999 0.33780000 0.34180000 0.34700000 0.35640001 0.35170001 0.35670000 0.36469999 0.37349999 0.36980000 0.37930000 0.38920000 0.39330000 0.40099999 0.40560001 0.41360000 0.41130000 0.41350001 0.41170001 0.40239999 0.41819999 0.42350000 0.41790000 0.41139999 0.41610000 0.41929999 0.42809999 0.42629999 0.42840001 0.42160001 0.43079999 0.43120000 0.43439999 0.42629999 0.43849999 0.43349999
0.12940000 0.18850000 0.22770000 0.25490001 0.26380000 0.28619999 0.29879999 0.31070000 0.31020001 0.32480001 0.32830000 0.33320001 0.34689999 0.35150000 0.35879999 0.36579999 0.37279999 0.38049999 0.37990001 0.39129999 0.39170000 0.39579999 0.40000001 0.40239999 0.39809999 0.40599999 0.40820000 0.40799999 0.41170001 0.40720001 0.41980001 0.41420001 0.41729999 0.42219999 0.42280000 0.42129999 0.41769999 0.42469999 0.42699999 0.42930001 0.42649999 0.43410000 0.43380001 0.42760000 0.42730001 0.43489999 0.42539999 0.43650001 0.43570000 0.43599999
0.14870000 0.20800000 0.23400000 0.26620001 0.28770000 0.29539999 0.32020000 0.32530001 0.34110001 0.34200001 0.34400001 0.35460001 0.37050000 0.37790000 0.38440001 0.38519999 0.39700001 0.39550000 0.40000001 0.40000001 0.39969999 0.40779999 0.41049999 0.41769999 0.41350001 0.41769999 0.41589999 0.42260000 0.41940001 0.42629999 0.41940001 0.41420001 0.41900000 0.42580000 0.43059999 0.42539999 0.42730001 0.42210001 0.42980000 0.42600000 0.43450001 0.43920001 0.42899999 0.43939999 0.43770000 0.43480000 0.43709999 0.44040000 0.44690001 0.43470001
0.13100000 0.18330000 0.24259999 0.26679999 0.28780001 0.30989999 0.31479999 0.33000001 0.33910000 0.34150001 0.34670001 0.35830000 0.36379999 0.36680001 0.36829999 0.37750000 0.38060001 0.38330001 0.39039999 0.39579999 0.39890000 0.40210000 0.39789999 0.39919999 0.40380001 0.40880001 0.40900001 0.41850001 0.42210001 0.41560000 0.41639999 0.41859999 0.42449999 0.42710000 0.42670000 0.42280000 0.42070001 0.43180001 0.42840001 0.42170000 0.43200001 0.43450001 0.43840000 0.44200000 0.43700001 0.43380001 0.43979999 0.43579999 0.43930000 0.44170001
0.13500001 0.17829999 0.21200000 0.23060000 0.25220001 0.26390001 0.28630000 0.31439999 0.31909999 0.33039999 0.33629999 0.35150000 0.36080000 0.36379999 0.37400001 0.37230000 0.38920000 0.39469999 0.39050001 0.40050000 0.39919999 0.39760000 0.40140000 0.41260001 0.41049999 0.41819999 0.41090000 0.41170001 0.41870001 0.41670001 0.42039999 0.42039999 0.42820001 0.42750001 0.42789999 0.42089999 0.42280000 0.42829999 0.42269999 0.43329999 0.42359999 0.42019999 0.42879999 0.43529999 0.43560001 0.43460000 0.43689999 0.44040000 0.43730000 0.43009999
0.14980000 0.18390000 0.22550000 0.25000000 0.28140000 0.30590001 0.31410000 0.32760000 0.33440000 0.34040001 0.34430000 0.36090001 0.36160001 0.37509999 0.37790000 0.38490000 0.38260001 0.39590001 0.39289999 0.40310001 0.39399999 0.40009999 0.41679999 0.40779999 0.40180001 0.41560000 0.41310000 0.41700000 0.42120001 0.41530001 0.42800000 0.42629999 0.42770001 0.42539999 0.42750001 0.42950001 0.43149999 0.43090001 0.43320000 0.43300000 0.43669999 0.43099999 0.43270001 0.42989999 0.42469999 0.43619999 0.42500001 0.43419999 0.43730000 0.43640000
0.14290000 0.20090000 0.22300000 0.24380000 0.26699999 0.29409999 0.31880000 0.31970000 0.33039999 0.33960000 0.34419999 0.35519999 0.36350000 0.36219999 0.36520001 0.37799999 0.38360000 0.38470000 0.39330000 0.39150000 0.39390001 0.39269999 0.40480000 0.40239999 0.40759999 0.40040001 0.40400001 0.40669999 0.41069999 0.41460001 0.41420001 0.41620001 0.41620001 0.42309999 0.42039999 0.41999999 0.42179999 0.43200001 0.42800000 0.42550001 0.43050000 0.42460001 0.42960000 0.43110001 0.43590000 0.43860000 0.43650001 0.43200001 0.43419999 0.44029999
0.10780000 0.16480000 0.20950000 0.24310000 0.26760000 0.28929999 0.31050000 0.31709999 0.32890001 0.33710000 0.34619999 0.34760001 0.35580000 0.35720000 0.37250000 0.37580001 0.37619999 0.38810000 0.38330001 0.38409999 0.39629999 0.39649999 0.39170000 0.39989999 0.40490001 0.41029999 0.39809999 0.40840000 0.40500000 0.41859999 0.41870001 0.41940001 0.42350000 0.42670000 0.41760001 0.42379999 0.42609999 0.41920000 0.43259999 0.43660000 0.43759999 0.43160000 0.43720001 0.42860001 0.43210000 0.43230000 0.44710001 0.44069999 0.43090001 0.43610001
0.12860000 0.17430000 0.21490000 0.23600000 0.26320001 0.27410001 0.29200000 0.30700001 0.32460001 0.33660001 0.34470001 0.35720000 0.36179999 0.37149999 0.37979999 0.38170001 0.38470000 0.38720000 0.40079999 0.39690000 0.39300001 0.40849999 0.40369999 0.39800000 0.40590000 0.40329999 0.40990001 0.41589999 0.41380000 0.41460001 0.41610000 0.42350000 0.42480001 0.41990000 0.42429999 0.43579999 0.42460001 0.43439999 0.43230000 0.43070000 0.43810001 0.43349999 0.42969999 0.42690000 0.43889999 0.43329999 0.44220001 0.43540001 0.43500000 0.44279999
0.13630000 0.17209999 0.22000000 0.23750000 0.27020001 0.29380000 0.30960000 0.31240001 0.32900000 0.33419999 0.34259999 0.35020000 0.35550001 0.36390001 0.37320000 0.37369999 0.38280001 0.37889999 0.39309999 0.38730001 0.39520001 0.39879999 0.39820001 0.40189999 0.40570000 0.39930001 0.40930000 0.40910000 0.41249999 0.40810001 0.41830000 0.42129999 0.41319999 0.41639999 0.41909999 0.42170000 0.41940001 0.42160001 0.41710001 0.42750001 0.42530000 0.42590001 0.43020001 0.43009999 0.43279999 0.43239999 0.43959999 0.43790001 0.43550000 0.43900001
0.15840000 0.19710000 0.22679999 0.24770001 0.27289999 0.27919999 0.29969999 0.31729999 0.31999999 0.33960000 0.34509999 0.35249999 0.36000001 0.37230000 0.37810001 0.37819999 0.38740000 0.39010000 0.39649999 0.40120000 0.40369999 0.40630001 0.40459999 0.41029999 0.41139999 0.41700000 0.41749999 0.41900000 0.42289999 0.42510000 0.42070001 0.42420000 0.42300001 0.42350000 0.42019999 0.43050000 0.43689999 0.43259999 0.43640000 0.43630001 0.43169999 0.43790001 0.43399999 0.43130001 0.44479999 0.43329999 0.44350001 0.43579999 0.44209999 0.44450000
0.13810000 0.18370000 0.21879999 0.23559999 0.26550001 0.29240000 0.30469999 0.31439999 0.32580000 0.32449999 0.33759999 0.34580001 0.35030001 0.35640001 0.37070000 0.38040000 0.38820001 0.38990000 0.39789999 0.40619999 0.40529999 0.40430000 0.40700001 0.41119999 0.40480000 0.41949999 0.41270000 0.42060000 0.42559999 0.41339999 0.42480001 0.42269999 0.42500001 0.42600000 0.42719999 0.42550001 0.42179999 0.43560001 0.43700001 0.43120000 0.43270001 0.44029999 0.44150001 0.43889999 0.43640000 0.43799999 0.43680000 0.44330001 0.44119999 0.44299999
0.15680000 0.19270000 0.21850000 0.23520000 0.27430001 0.29730001 0.31510001 0.32600001 0.33989999 0.34790000 0.36280000 0.38170001 0.37189999 0.37860000 0.39100000 0.38810000 0.39430001 0.40320000 0.40189999 0.40300000 0.40180001 0.41249999 0.41130000 0.41580001 0.41620001 0.41090000 0.41980001 0.42060000 0.43110001 0.42500001 0.42170000 0.42649999 0.42570001 0.42910001 0.42739999 0.42629999 0.43279999 0.43030000 0.42719999 0.42930001 0.42690000 0.44020000 0.43450001 0.43500000 0.43329999 0.43550000 0.43720001 0.43950000 0.44479999 0.44810000
0.12630001 0.18080001 0.20510000 0.22229999 0.26179999 0.27829999 0.30039999 0.31380001 0.32749999 0.33700001 0.34450001 0.35120001 0.36179999 0.36309999 0.37590000 0.37149999 0.38220000 0.38310000 0.38290000 0.38100001 0.39850000 0.39230001 0.38490000 0.40020001 0.39969999 0.40720001 0.40400001 0.40640000 0.40490001 0.41220000 0.41040000 0.41100001 0.40860000 0.41749999 0.41600001 0.41580001 0.41299999 0.42350000 0.42230001 0.42800000 0.41270000 0.42469999 0.42550001 0.42930001 0.42480001 0.42840001 0.42490000 0.42559999 0.43079999 0.43360001
0.11490000 0.15330000 0.18830000 0.22390001 0.25099999 0.25979999 0.28230000 0.29480001 0.29730001 0.30509999 0.32470000 0.33270001 0.33430001 0.33360001 0.34360000 0.34390000 0.35299999 0.35589999 0.35969999 0.36449999 0.37210000 0.37000000 0.37880000 0.38560000 0.38659999 0.38290000 0.38960001 0.39129999 0.39430001 0.39010000 0.40300000 0.40009999 0.39760000 0.40329999 0.40470001 0.40570000 0.41190001 0.40799999 0.41220000 0.40959999 0.40220001 0.41819999 0.41370001 0.42480001 0.41960001 0.42440000 0.41180000 0.42429999 0.42160001 0.42160001
0.14100000 0.17270000 0.19870000 0.21390000 0.24490000 0.27410001 0.29629999 0.31369999 0.32460001 0.33970001 0.34439999 0.35040000 0.35299999 0.36660001 0.37680000 0.38380000 0.38789999 0.38010001 0.38589999 0.39350000 0.39960000 0.39460000 0.40099999 0.40619999 0.40810001 0.40400001 0.41090000 0.40950000 0.41940001 0.41710001 0.42750001 0.41540000 0.41460001 0.42410001 0.42080000 0.43009999 0.41510001 0.42440000 0.42150000 0.43050000 0.42580000 0.43099999 0.43309999 0.42580000 0.42919999 0.42860001 0.43660000 0.43900001 0.43990001 0.43720001
0.12180000 0.17780000 0.21969999 0.24280000 0.26530001 0.28439999 0.30070001 0.32040000 0.32859999 0.33980000 0.34830001 0.35110000 0.36289999 0.36190000 0.38000000 0.37689999 0.38920000 0.39800000 0.38999999 0.38249999 0.39100000 0.39550000 0.40669999 0.40419999 0.40799999 0.41240001 0.41339999 0.40730000 0.41600001 0.41650000 0.42160001 0.41900000 0.42350000 0.42940000 0.42359999 0.41990000 0.42190000 0.42350000 0.42510000 0.42940000 0.43560001 0.43059999 0.43889999 0.43220001 0.43090001 0.42519999 0.43130001 0.43489999 0.43290001 0.43730000
0.12760000 0.15670000 0.19340000 0.23019999 0.24740000 0.28510001 0.30070001 0.32269999 0.33410001 0.33730000 0.34410000 0.35780001 0.36019999 0.36600000 0.37840000 0.37700000 0.38280001 0.38789999 0.39940000 0.39300001 0.40320000 0.39919999 0.40630001 0.41049999 0.41299999 0.41100001 0.41470000 0.41890001 0.41560000 0.42190000 0.41450000 0.42519999 0.42100000 0.42620000 0.43040001 0.42570001 0.43230000 0.43290001 0.43540001 0.43959999 0.43370000 0.43309999 0.44369999 0.43160000 0.43500000 0.43640000 0.43849999 0.43810001 0.44310001 0.43689999
0.15230000 0.18449999 0.21320000 0.24680001 0.26050001 0.28529999 0.29499999 0.30360001 0.32150000 0.32330000 0.32730001 0.32710001 0.33180001 0.35510001 0.34029999 0.34940001 0.36289999 0.37079999 0.37410000 0.38820001 0.38600001 0.40149999 0.39579999 0.40549999 0.40820000 0.40610000 0.40040001 0.41499999 0.41319999 0.41220000 0.41729999 0.41119999 0.42120001 0.42449999 0.43090001 0.42160001 0.42590001 0.43619999 0.43460000 0.43149999 0.43120000 0.43799999 0.42870000 0.43410000 0.43660000 0.43419999 0.43570000 0.44029999 0.44209999 0.43210000
0.14970000 0.20029999 0.22950000 0.26840001 0.28920001 0.29330000 0.30820000 0.30840001 0.31479999 0.31520000 0.32870001 0.33510000 0.34340000 0.34920001 0.36379999 0.36539999 0.36700001 0.37000000 0.37599999 0.37740001 0.38299999 0.37830001 0.38400000 0.39150000 0.38450000 0.38980001 0.39190000 0.39870000 0.39309999 0.40849999 0.40799999 0.40560001 0.41139999 0.41450000 0.42129999 0.41510001 0.41769999 0.42080000 0.41900000 0.41929999 0.42500001 0.43120000 0.42070001 0.43370000 0.43579999 0.42899999 0.43149999 0.43489999 0.43480000 0.43020001
0.13339999 0.17700000 0.20940000 0.22300000 0.24460000 0.26109999 0.28220001 0.29550001 0.30440000 0.31830001 0.32789999 0.33309999 0.34209999 0.34930000 0.35370001 0.35670000 0.36100000 0.37009999 0.37290001 0.37459999 0.37619999 0.38440001 0.38909999 0.38679999 0.39250001 0.38970000 0.39250001 0.40140000 0.38400000 0.40290001 0.39510000 0.40380001 0.39660001 0.40169999 0.40540001 0.40470001 0.41020000 0.41769999 0.42219999 0.42039999 0.41319999 0.41409999 0.42039999 0.42399999 0.42440000 0.42510000 0.42399999 0.43320000 0.42170000 0.42780000
0.13330001 0.19419999 0.22290000 0.25380000 0.27020001 0.29629999 0.30360001 0.29910001 0.31200001 0.31510001 0.33360001 0.33829999 0.34990001 0.35820001 0.35650000 0.36260000 0.36700001 0.37439999 0.37040001 0.37779999 0.38119999 0.38600001 0.38569999 0.39919999 0.39760000 0.39760000 0.40490001 0.40400001 0.40750000 0.40160000 0.41850001 0.41960001 0.41929999 0.41650000 0.42420000 0.42150000 0.41960001 0.42840001 0.42930001 0.43460000 0.42750001 0.43450001 0.42960000 0.43570000 0.44100001 0.43959999 0.43720001 0.44440001 0.44229999 0.43050000
0.14690000 0.18470000 0.21130000 0.23050000 0.25130001 0.27280000 0.29069999 0.30289999 0.31880000 0.33700001 0.34700000 0.35179999 0.36340001 0.37000000 0.37459999 0.37819999 0.38490000 0.39250001 0.38929999 0.39559999 0.39899999 0.40570000 0.40220001 0.41540000 0.40709999 0.41479999 0.41319999 0.41360000 0.41000000 0.41970000 0.41549999 0.41209999 0.42330000 0.41990000 0.42570001 0.42940000 0.43149999 0.42230001 0.43110001 0.42530000 0.42940000 0.43130001 0.43349999 0.43740001 0.43619999 0.43090001 0.43380001 0.44229999 0.43610001 0.43709999
0.14740001 0.21259999 0.23160000 0.25110000 0.26670000 0.28610000 0.30430001 0.31450000 0.33250001 0.33790001 0.34819999 0.36520001 0.37140000 0.37520000 0.37959999 0.39629999 0.39420000 0.40239999 0.40310001 0.40149999 0.40810001 0.40950000 0.41240001 0.41299999 0.41679999 0.41749999 0.42340001 0.42550001 0.41940001 0.42670000 0.42100000 0.42930001 0.42829999 0.42530000 0.43570000 0.43290001 0.43290001 0.43300000 0.43820000 0.43239999 0.43939999 0.43200001 0.43799999 0.44060001 0.43700001 0.44389999 0.44850001 0.44270000 0.44729999 0.45370001
0.13210000 0.18200000 0.23480000 0.24910000 0.28000000 0.30230001 0.30750000 0.31909999 0.32910001 0.34119999 0.34160000 0.35400000 0.35170001 0.36719999 0.37349999 0.37889999 0.37610000 0.38589999 0.38650000 0.38890001 0.38690001 0.39320001 0.39680001 0.40200001 0.40149999 0.40050000 0.40730000 0.41010001 0.41339999 0.41190001 0.41240001 0.41479999 0.42300001 0.42150000 0.41479999 0.41749999 0.41940001 0.41929999 0.42109999 0.41909999 0.41999999 0.42160001 0.41639999 0.42519999 0.42300001 0.42960000 0.43140000 0.43489999 0.42580000 0.43000001
0.16949999 0.18570000 0.20770000 0.23580000 0.26140001 0.28799999 0.30480000 0.31549999 0.34240001 0.34480000 0.35530001 0.36370000 0.37040001 0.37549999 0.37970001 0.38450000 0.38540000 0.38650000 0.38850001 0.39620000 0.39649999 0.40509999 0.40630001 0.41200000 0.41220000 0.41470000 0.41020000 0.41780001 0.41970000 0.42510000 0.42179999 0.42559999 0.42719999 0.42780000 0.42230001 0.42109999 0.42420000 0.42150000 0.43090001 0.42510000 0.43130001 0.43419999 0.43740001 0.43290001 0.43630001 0.43050000 0.43349999 0.43399999 0.43790001 0.43399999
0.14530000 0.19170000 0.22640000 0.24990000 0.26870000 0.27880001 0.29460001 0.30300000 0.31200001 0.31840000 0.32370001 0.33039999 0.33840001 0.34490001 0.36109999 0.36460000 0.35969999 0.37760001 0.37740001 0.38280001 0.39089999 0.39719999 0.40200001 0.40509999 0.40279999 0.40669999 0.40180001 0.41470000 0.41549999 0.41389999 0.40419999 0.41460001 0.42240000 0.41560000 0.42500001 0.43040001 0.42580000 0.42640001 0.42750001 0.42879999 0.42739999 0.43630001 0.43579999 0.43560001 0.43720001 0.43820000 0.43959999 0.43020001 0.43709999 0.44340000
0.12200000 0.15099999 0.19320001 0.22390001 0.25310001 0.27350000 0.27289999 0.28729999 0.29990000 0.29879999 0.31510001 0.32890001 0.33770001 0.34580001 0.35190001 0.35260001 0.36250001 0.37000000 0.37970001 0.38440001 0.39300001 0.39289999 0.39629999 0.40210000 0.40910000 0.41200000 0.41560000 0.42150000 0.42100000 0.42269999 0.42710000 0.42910001 0.42379999 0.43520001 0.43540001 0.42770001 0.43180001 0.42930001 0.43700001 0.43340001 0.43610001 0.43759999 0.43950000 0.43910000 0.44049999 0.43309999 0.44240001 0.44250000 0.44139999 0.44530001
0.14139999 0.20160000 0.24670000 0.26910001 0.28709999 0.30489999 0.32789999 0.33300000 0.34450001 0.35280001 0.36199999 0.36780000 0.37810001 0.37930000 0.38119999 0.38400000 0.38510001 0.39860001 0.39449999 0.39590001 0.40059999 0.39919999 0.40040001 0.40650001 0.41409999 0.41690001 0.41380000 0.41810000 0.42150000 0.42100000 0.42240000 0.42170000 0.42609999 0.42490000 0.42420000 0.43020001 0.41800001 0.42789999 0.43640000 0.43830001 0.43230000 0.43200001 0.42350000 0.43370000 0.43329999 0.43540001 0.43869999 0.42860001 0.44740000 0.44690001
0.12819999 0.17870000 0.21120000 0.23930000 0.26320001 0.29249999 0.30919999 0.31750000 0.32830000 0.34240001 0.35120001 0.36890000 0.36960000 0.37390000 0.38310000 0.38990000 0.39150000 0.38720000 0.39210001 0.39320001 0.40230000 0.40130001 0.41569999 0.41020000 0.41800001 0.41520000 0.40689999 0.42750001 0.41319999 0.42399999 0.41670001 0.43259999 0.42760000 0.43470001 0.42820001 0.43380001 0.43160000 0.43849999 0.43740001 0.43239999 0.43450001 0.43869999 0.42940000 0.44010001 0.43399999 0.44200000 0.43939999 0.43500000 0.44499999 0.44720000
0.15390000 0.21420000 0.24130000 0.26100001 0.28090000 0.29200000 0.30210000 0.30820000 0.32850000 0.33399999 0.34009999 0.34410000 0.35190001 0.36730000 0.37610000 0.37560001 0.38240001 0.38600001 0.38630000 0.39289999 0.39190000 0.39820001 0.40130001 0.40200001 0.40400001 0.39850000 0.40720001 0.41499999 0.41749999 0.41319999 0.41260001 0.41520000 0.41270000 0.41700000 0.41020000 0.41549999 0.41560000 0.42550001 0.42789999 0.42330000 0.43070000 0.42140001 0.42829999 0.42359999 0.42989999 0.42739999 0.43120000 0.43759999 0.44029999 0.43030000
0.14330000 0.18979999 0.21410000 0.23880000 0.26830000 0.29679999 0.30450001 0.31860000 0.33019999 0.34729999 0.34990001 0.35100001 0.36090001 0.37300000 0.36950001 0.38270000 0.38630000 0.38510001 0.39089999 0.39969999 0.39579999 0.39240000 0.40860000 0.40720001 0.41209999 0.40910000 0.40830001 0.41110000 0.42030001 0.41880000 0.41720000 0.42300001 0.41249999 0.42739999 0.42840001 0.42969999 0.42750001 0.43320000 0.42320001 0.43000001 0.42230001 0.42699999 0.43090001 0.43329999 0.42879999 0.43149999 0.43650001 0.43849999 0.43869999 0.43920001