0.55555558 0.68888891 0.80000001 0.86666667 0.88888890 0.88888890 0.91111112 0.91111112 0.88888890 0.88888890 0.88888890
0.64444447 0.75555557 0.82222223 0.82222223 0.82222223 0.82222223 0.82222223 0.84444445 0.84444445 0.84444445 0.82222223
0.28888890 0.46666667 0.80000001 0.84444445 0.91111112 0.91111112 0.91111112 0.91111112 0.91111112 0.91111112 0.91111112
0.40000001 0.57777780 0.57777780 0.57777780 0.62222224 0.66666669 0.66666669 0.66666669 0.75555557 0.77777779 0.75555557
0.22222222 0.42222223 0.57777780 0.57777780 0.60000002 0.64444447 0.64444447 0.68888891 0.73333335 0.73333335 0.75555557
0.31111112 0.62222224 0.80000001 0.88888890 0.86666667 0.88888890 0.88888890 0.88888890 0.88888890 0.88888890 0.88888890
0.62222224 0.77777779 0.86666667 0.86666667 0.86666667 0.91111112 0.91111112 0.91111112 0.91111112 0.91111112 0.91111112
0.51111114 0.64444447 0.80000001 0.82222223 0.82222223 0.82222223 0.82222223 0.84444445 0.82222223 0.82222223 0.82222223
0.60000002 0.68888891 0.68888891 0.68888891 0.68888891 0.68888891 0.71111113 0.73333335 0.73333335 0.73333335 0.73333335
0.55555558 0.68888891 0.73333335 0.75555557 0.82222223 0.82222223 0.82222223 0.84444445 0.84444445 0.84444445 0.84444445
0.66666669 0.68888891 0.68888891 0.73333335 0.82222223 0.82222223 0.82222223 0.86666667 0.86666667 0.91111112 0.93333334
0.46666667 0.48888889 0.55555558 0.66666669 0.73333335 0.82222223 0.84444445 0.86666667 0.84444445 0.84444445 0.82222223
0.04444445 0.51111114 0.53333336 0.60000002 0.71111113 0.73333335 0.73333335 0.73333335 0.77777779 0.82222223 0.84444445
0.31111112 0.51111114 0.73333335 0.73333335 0.73333335 0.73333335 0.82222223 0.84444445 0.84444445 0.86666667 0.91111112
0.28888890 0.60000002 0.71111113 0.71111113 0.71111113 0.71111113 0.71111113 0.73333335 0.73333335 0.73333335 0.75555557
0.31111112 0.71111113 0.80000001 0.80000001 0.80000001 0.80000001 0.82222223 0.84444445 0.84444445 0.84444445 0.84444445
0.20000000 0.44444445 0.77777779 0.77777779 0.77777779 0.77777779 0.80000001 0.80000001 0.82222223 0.82222223 0.82222223
0.00000000 0.44444445 0.60000002 0.75555557 0.80000001 0.84444445 0.86666667 0.86666667 0.86666667 0.88888890 0.88888890
0.35555556 0.64444447 0.64444447 0.77777779 0.80000001 0.84444445 0.84444445 0.84444445 0.84444445 0.84444445 0.84444445
0.24444444 0.62222224 0.71111113 0.73333335 0.77777779 0.80000001 0.82222223 0.86666667 0.86666667 0.86666667 0.86666667
0.24444444 0.35555556 0.84444445 0.84444445 0.86666667 0.88888890 0.88888890 0.91111112 0.93333334 0.93333334 0.93333334
0.35555556 0.57777780 0.77777779 0.80000001 0.80000001 0.80000001 0.80000001 0.80000001 0.82222223 0.82222223 0.82222223
0.11111111 0.73333335 0.80000001 0.80000001 0.80000001 0.82222223 0.82222223 0.84444445 0.84444445 0.88888890 0.88888890
0.57777780 0.80000001 0.80000001 0.80000001 0.86666667 0.86666667 0.86666667 0.86666667 0.86666667 0.86666667 0.86666667
0.06666667 0.31111112 0.55555558 0.73333335 0.80000001 0.82222223 0.88888890 0.88888890 0.91111112 0.91111112 0.91111112
0.42222223 0.73333335 0.71111113 0.71111113 0.68888891 0.68888891 0.71111113 0.71111113 0.73333335 0.75555557 0.75555557
0.42222223 0.68888891 0.80000001 0.80000001 0.82222223 0.82222223 0.82222223 0.82222223 0.84444445 0.84444445 0.86666667
0.46666667 0.84444445 0.84444445 0.82222223 0.80000001 0.82222223 0.84444445 0.84444445 0.84444445 0.84444445 0.84444445
0.73333335 0.80000001 0.80000001 0.80000001 0.80000001 0.77777779 0.77777779 0.80000001 0.80000001 0.80000001 0.80000001
0.15555556 0.53333336 0.77777779 0.80000001 0.82222223 0.86666667 0.88888890 0.88888890 0.88888890 0.88888890 0.88888890
0.00000000 0.42222223 0.51111114 0.55555558 0.64444447 0.68888891 0.68888891 0.71111113 0.71111113 0.71111113 0.73333335
0.35555556 0.64444447 0.75555557 0.84444445 0.84444445 0.84444445 0.86666667 0.88888890 0.88888890 0.88888890 0.88888890
0.33333334 0.51111114 0.57777780 0.60000002 0.60000002 0.60000002 0.71111113 0.71111113 0.71111113 0.73333335 0.75555557
0.13333334 0.55555558 0.73333335 0.77777779 0.80000001 0.80000001 0.80000001 0.80000001 0.82222223 0.82222223 0.82222223
0.00000000 0.08888889 0.68888891 0.73333335 0.80000001 0.77777779 0.77777779 0.77777779 0.75555557 0.75555557 0.75555557
0.08888889 0.55555558 0.77777779 0.77777779 0.77777779 0.80000001 0.82222223 0.82222223 0.82222223 0.80000001 0.82222223
0.62222224 0.66666669 0.71111113 0.73333335 0.75555557 0.80000001 0.82222223 0.84444445 0.84444445 0.84444445 0.84444445
0.40000001 0.42222223 0.57777780 0.88888890 0.93333334 0.91111112 0.93333334 0.91111112 0.91111112 0.91111112 0.91111112
0.73333335 0.80000001 0.86666667 0.86666667 0.93333334 0.93333334 0.93333334 0.91111112 0.91111112 0.91111112 0.91111112
0.75555557 0.80000001 0.84444445 0.84444445 0.86666667 0.86666667 0.86666667 0.88888890 0.93333334 0.93333334 0.93333334
0.00000000 0.35555556 0.62222224 0.66666669 0.66666669 0.75555557 0.80000001 0.82222223 0.84444445 0.82222223 0.84444445
0.06666667 0.33333334 0.40000001 0.53333336 0.66666669 0.71111113 0.75555557 0.77777779 0.82222223 0.84444445 0.84444445
0.20000000 0.53333336 0.73333335 0.84444445 0.84444445 0.84444445 0.84444445 0.84444445 0.84444445 0.84444445 0.86666667
0.24444444 0.71111113 0.84444445 0.86666667 0.91111112 0.91111112 0.91111112 0.93333334 0.93333334 0.93333334 0.93333334
0.42222223 0.42222223 0.75555557 0.75555557 0.73333335 0.73333335 0.77777779 0.80000001 0.84444445 0.84444445 0.84444445
0.11111111 0.40000001 0.82222223 0.82222223 0.84444445 0.86666667 0.86666667 0.86666667 0.88888890 0.88888890 0.88888890
0.22222222 0.48888889 0.51111114 0.62222224 0.64444447 0.75555557 0.82222223 0.80000001 0.80000001 0.80000001 0.80000001
0.35555556 0.46666667 0.77777779 0.80000001 0.86666667 0.91111112 0.88888890 0.86666667 0.88888890 0.88888890 0.86666667
0.11111111 0.42222223 0.64444447 0.64444447 0.68888891 0.77777779 0.80000001 0.80000001 0.80000001 0.80000001 0.80000001
0.11111111 0.40000001 0.68888891 0.68888891 0.68888891 0.75555557 0.75555557 0.82222223 0.82222223 0.84444445 0.86666667
0.06666667 0.17777778 0.55555558 0.64444447 0.73333335 0.75555557 0.75555557 0.75555557 0.75555557 0.71111113 0.68888891
0.55555558 0.71111113 0.71111113 0.71111113 0.75555557 0.80000001 0.80000001 0.82222223 0.82222223 0.82222223 0.82222223
0.26666668 0.48888889 0.55555558 0.62222224 0.64444447 0.66666669 0.73333335 0.73333335 0.77777779 0.77777779 0.77777779
0.15555556 0.35555556 0.60000002 0.71111113 0.71111113 0.73333335 0.75555557 0.75555557 0.75555557 0.75555557 0.75555557
0.31111112 0.66666669 0.80000001 0.86666667 0.88888890 0.88888890 0.86666667 0.88888890 0.86666667 0.86666667 0.84444445
0.75555557 0.75555557 0.82222223 0.95555556 0.93333334 0.84444445 0.77777779 0.77777779 0.77777779 0.77777779 0.77777779
0.22222222 0.68888891 0.73333335 0.77777779 0.82222223 0.84444445 0.82222223 0.82222223 0.84444445 0.84444445 0.84444445
0.13333334 0.33333334 0.60000002 0.64444447 0.64444447 0.64444447 0.64444447 0.68888891 0.77777779 0.77777779 0.84444445
0.33333334 0.44444445 0.75555557 0.73333335 0.75555557 0.84444445 0.82222223 0.82222223 0.82222223 0.84444445 0.84444445
0.40000001 0.53333336 0.62222224 0.82222223 0.86666667 0.80000001 0.82222223 0.80000001 0.77777779 0.77777779 0.80000001
0.37777779 0.57777780 0.86666667 0.88888890 0.88888890 0.88888890 0.88888890 0.88888890 0.88888890 0.88888890 0.88888890
0.44444445 0.57777780 0.73333335 0.82222223 0.80000001 0.80000001 0.82222223 0.86666667 0.86666667 0.86666667 0.86666667
0.08888889 0.35555556 0.62222224 0.68888891 0.73333335 0.75555557 0.80000001 0.80000001 0.84444445 0.84444445 0.84444445
0.37777779 0.55555558 0.64444447 0.71111113 0.68888891 0.71111113 0.71111113 0.71111113 0.71111113 0.73333335 0.73333335
0.42222223 0.53333336 0.62222224 0.73333335 0.80000001 0.75555557 0.80000001 0.80000001 0.82222223 0.82222223 0.82222223
0.00000000 0.82222223 0.86666667 0.91111112 0.93333334 0.93333334 0.93333334 0.93333334 0.93333334 0.95555556 0.95555556
0.15555556 0.17777778 0.60000002 0.82222223 0.86666667 0.86666667 0.86666667 0.86666667 0.86666667 0.86666667 0.86666667
0.31111112 0.84444445 0.88888890 0.88888890 0.91111112 0.91111112 0.91111112 0.93333334 0.93333334 0.93333334 0.95555556
0.48888889 0.64444447 0.71111113 0.73333335 0.77777779 0.80000001 0.80000001 0.80000001 0.82222223 0.82222223 0.84444445
0.40000001 0.64444447 0.77777779 0.80000001 0.82222223 0.82222223 0.84444445 0.84444445 0.84444445 0.84444445 0.84444445
0.40000001 0.75555557 0.91111112 0.93333334 0.95555556 0.97777778 0.97777778 0.97777778 0.97777778 0.97777778 0.97777778
0.08888889 0.71111113 0.80000001 0.80000001 0.80000001 0.80000001 0.80000001 0.80000001 0.80000001 0.82222223 0.82222223
0.17777778 0.20000000 0.62222224 0.84444445 0.86666667 0.84444445 0.82222223 0.82222223 0.82222223 0.84444445 0.84444445
0.53333336 0.84444445 0.91111112 0.88888890 0.88888890 0.88888890 0.86666667 0.86666667 0.86666667 0.86666667 0.86666667
0.15555556 0.40000001 0.62222224 0.66666669 0.68888891 0.73333335 0.82222223 0.84444445 0.82222223 0.82222223 0.82222223
0.53333336 0.66666669 0.80000001 0.86666667 0.88888890 0.91111112 0.93333334 0.91111112 0.88888890 0.88888890 0.88888890
0.13333334 0.62222224 0.80000001 0.75555557 0.80000001 0.80000001 0.80000001 0.80000001 0.80000001 0.80000001 0.80000001
0.35555556 0.62222224 0.64444447 0.66666669 0.68888891 0.71111113 0.68888891 0.73333335 0.75555557 0.75555557 0.77777779
0.24444444 0.33333334 0.75555557 0.75555557 0.73333335 0.75555557 0.73333335 0.73333335 0.73333335 0.75555557 0.77777779
0.24444444 0.55555558 0.64444447 0.66666669 0.68888891 0.75555557 0.75555557 0.75555557 0.80000001 0.77777779 0.77777779
0.33333334 0.62222224 0.66666669 0.75555557 0.77777779 0.80000001 0.82222223 0.84444445 0.84444445 0.84444445 0.84444445
0.66666669 0.68888891 0.68888891 0.71111113 0.75555557 0.77777779 0.82222223 0.86666667 0.88888890 0.91111112 0.91111112
0.06666667 0.35555556 0.68888891 0.80000001 0.86666667 0.86666667 0.86666667 0.86666667 0.88888890 0.91111112 0.91111112
0.02222222 0.66666669 0.68888891 0.68888891 0.68888891 0.73333335 0.73333335 0.73333335 0.73333335 0.75555557 0.75555557
0.44444445 0.60000002 0.82222223 0.82222223 0.82222223 0.82222223 0.82222223 0.82222223 0.82222223 0.82222223 0.82222223
0.02222222 0.48888889 0.71111113 0.75555557 0.82222223 0.82222223 0.80000001 0.80000001 0.82222223 0.82222223 0.82222223
0.28888890 0.60000002 0.68888891 0.66666669 0.80000001 0.80000001 0.80000001 0.80000001 0.80000001 0.82222223 0.82222223
0.62222224 0.64444447 0.71111113 0.71111113 0.77777779 0.84444445 0.84444445 0.84444445 0.84444445 0.84444445 0.82222223
0.31111112 0.53333336 0.55555558 0.66666669 0.75555557 0.82222223 0.80000001 0.82222223 0.82222223 0.82222223 0.86666667
0.13333334 0.51111114 0.75555557 0.77777779 0.80000001 0.80000001 0.82222223 0.82222223 0.82222223 0.82222223 0.82222223
0.17777778 0.57777780 0.73333335 0.77777779 0.80000001 0.80000001 0.77777779 0.77777779 0.80000001 0.80000001 0.82222223
0.02222222 0.22222222 0.40000001 0.62222224 0.73333335 0.75555557 0.77777779 0.77777779 0.77777779 0.77777779 0.77777779
0.24444444 0.35555556 0.66666669 0.80000001 0.82222223 0.82222223 0.84444445 0.84444445 0.84444445 0.84444445 0.84444445
0.22222222 0.55555558 0.60000002 0.64444447 0.73333335 0.73333335 0.75555557 0.80000001 0.82222223 0.82222223 0.82222223
0.04444445 0.71111113 0.75555557 0.77777779 0.82222223 0.84444445 0.86666667 0.86666667 0.84444445 0.86666667 0.86666667
0.66666669 0.84444445 0.73333335 0.73333335 0.75555557 0.75555557 0.75555557 0.75555557 0.75555557 0.73333335 0.75555557
0.11111111 0.53333336 0.66666669 0.66666669 0.66666669 0.80000001 0.82222223 0.88888890 0.88888890 0.88888890 0.91111112
0.20000000 0.64444447 0.64444447 0.68888891 0.71111113 0.75555557 0.75555557 0.80000001 0.80000001 0.80000001 0.80000001
0.17777778 0.64444447 0.66666669 0.82222223 0.88888890 0.95555556 1.00000000 1.00000000 0.97777778 0.97777778 0.97777778
0.44444445 0.57777780 0.60000002 0.64444447 0.68888891 0.73333335 0.73333335 0.77777779 0.77777779 0.77777779 0.80000001
