0.17777778 0.80000001 0.82222223 0.86666667 0.88888890 0.88888890 0.91111112 0.95555556 0.95555556 0.95555556 0.95555556
0.35555556 0.68888891 0.68888891 0.71111113 0.80000001 0.80000001 0.77777779 0.84444445 0.84444445 0.84444445 0.84444445
0.37777779 0.88888890 0.88888890 0.91111112 0.91111112 0.93333334 0.91111112 0.91111112 0.91111112 0.91111112 0.91111112
0.15555556 0.88888890 0.95555556 0.95555556 0.97777778 0.97777778 0.97777778 0.97777778 0.97777778 0.97777778 0.97777778
0.62222224 0.86666667 0.93333334 0.93333334 0.93333334 0.93333334 0.95555556 0.95555556 0.95555556 0.95555556 0.93333334
0.55555558 0.88888890 0.93333334 0.97777778 0.97777778 0.97777778 0.97777778 0.97777778 0.97777778 0.97777778 0.97777778
0.06666667 0.84444445 0.88888890 0.88888890 0.91111112 0.91111112 0.93333334 0.93333334 0.93333334 0.93333334 0.93333334
0.37777779 0.88888890 0.88888890 0.91111112 0.91111112 0.91111112 0.93333334 0.93333334 0.93333334 0.95555556 0.97777778
0.42222223 0.88888890 0.88888890 0.93333334 0.91111112 0.91111112 0.91111112 0.93333334 0.93333334 0.95555556 0.95555556
0.06666667 0.86666667 0.88888890 0.88888890 0.88888890 0.88888890 0.91111112 0.91111112 0.91111112 0.93333334 0.93333334
0.35555556 0.88888890 0.91111112 0.95555556 0.95555556 0.95555556 0.95555556 0.95555556 0.95555556 0.95555556 0.95555556
0.28888890 0.88888890 0.93333334 0.95555556 0.95555556 0.95555556 0.95555556 0.95555556 0.95555556 0.95555556 0.95555556
0.62222224 0.95555556 0.93333334 0.95555556 0.95555556 0.95555556 0.95555556 0.95555556 0.95555556 0.97777778 0.95555556
0.15555556 0.84444445 0.88888890 0.91111112 0.91111112 0.91111112 0.91111112 0.91111112 1.00000000 1.00000000 0.97777778
0.11111111 0.88888890 0.93333334 0.93333334 0.91111112 0.93333334 0.95555556 0.95555556 0.95555556 0.95555556 0.95555556
0.17777778 0.93333334 0.93333334 0.91111112 0.91111112 0.91111112 0.93333334 0.93333334 0.93333334 0.93333334 0.93333334
0.17777778 0.80000001 0.80000001 0.84444445 0.88888890 0.88888890 0.93333334 0.97777778 0.97777778 0.97777778 0.97777778
0.44444445 0.82222223 0.84444445 0.84444445 0.84444445 0.88888890 0.88888890 0.88888890 0.88888890 0.88888890 0.91111112
0.46666667 0.84444445 0.91111112 0.95555556 0.95555556 0.95555556 0.97777778 0.97777778 0.97777778 0.97777778 0.97777778
0.00000000 0.84444445 0.84444445 0.88888890 0.93333334 0.93333334 0.93333334 0.91111112 0.93333334 0.95555556 0.97777778
0.42222223 0.88888890 0.88888890 0.91111112 0.93333334 0.93333334 0.93333334 0.93333334 0.93333334 0.95555556 0.95555556
0.51111114 0.86666667 0.91111112 0.97777778 0.97777778 1.00000000 1.00000000 1.00000000 1.00000000 1.00000000 1.00000000
0.24444444 0.91111112 0.93333334 0.93333334 0.93333334 0.95555556 0.95555556 0.97777778 0.97777778 0.97777778 0.97777778
0.48888889 0.88888890 0.91111112 0.93333334 0.95555556 0.95555556 0.95555556 0.95555556 0.97777778 0.97777778 0.95555556
0.55555558 0.91111112 0.91111112 0.91111112 0.95555556 0.95555556 0.97777778 0.97777778 0.97777778 0.97777778 0.97777778
0.13333334 0.84444445 0.91111112 0.91111112 0.93333334 0.93333334 0.95555556 0.95555556 0.97777778 0.97777778 0.97777778
0.13333334 0.93333334 0.93333334 0.95555556 0.95555556 0.95555556 0.95555556 0.95555556 0.95555556 0.95555556 0.97777778
0.48888889 0.86666667 0.91111112 0.91111112 0.91111112 0.91111112 0.91111112 0.93333334 0.93333334 0.93333334 0.95555556
0.57777780 0.88888890 0.91111112 0.91111112 0.91111112 0.93333334 0.95555556 0.95555556 0.95555556 0.95555556 0.95555556
0.26666668 0.77777779 0.84444445 0.91111112 0.91111112 0.91111112 0.95555556 0.95555556 0.95555556 0.95555556 0.95555556
0.53333336 0.77777779 0.77777779 0.84444445 0.86666667 0.88888890 0.88888890 0.93333334 0.95555556 0.95555556 0.95555556
0.48888889 0.86666667 0.88888890 0.93333334 0.93333334 0.95555556 0.95555556 0.97777778 0.95555556 0.95555556 0.95555556
0.73333335 0.91111112 0.93333334 0.97777778 0.97777778 0.97777778 0.97777778 0.97777778 0.97777778 0.97777778 0.97777778
0.00000000 0.91111112 0.93333334 0.97777778 0.97777778 1.00000000 1.00000000 1.00000000 1.00000000 1.00000000 1.00000000
0.37777779 0.88888890 0.93333334 0.95555556 0.95555556 0.97777778 0.97777778 0.97777778 0.97777778 0.97777778 0.97777778
0.66666669 0.91111112 0.91111112 0.93333334 0.93333334 0.93333334 0.93333334 0.93333334 0.93333334 0.93333334 0.93333334
0.13333334 0.91111112 0.91111112 0.91111112 0.91111112 0.91111112 0.91111112 0.93333334 0.93333334 0.93333334 0.93333334
0.48888889 0.93333334 0.93333334 0.93333334 0.93333334 0.95555556 0.95555556 0.95555556 0.95555556 0.95555556 0.95555556
0.60000002 0.95555556 0.95555556 0.95555556 0.95555556 0.95555556 0.95555556 0.95555556 0.95555556 0.95555556 0.95555556
0.24444444 0.88888890 0.93333334 0.95555556 0.95555556 0.95555556 0.97777778 0.97777778 0.97777778 0.97777778 0.97777778
0.20000000 0.86666667 0.91111112 0.93333334 0.95555556 0.95555556 0.95555556 0.95555556 0.97777778 0.97777778 0.97777778
0.48888889 0.93333334 0.93333334 0.93333334 0.93333334 0.93333334 0.93333334 0.93333334 0.93333334 0.91111112 0.93333334
0.51111114 0.91111112 0.95555556 0.95555556 0.97777778 0.97777778 0.97777778 0.97777778 0.97777778 0.97777778 0.97777778
0.11111111 0.88888890 0.88888890 0.86666667 0.86666667 0.88888890 0.91111112 0.97777778 0.93333334 0.95555556 0.97777778
0.46666667 0.86666667 0.91111112 0.91111112 0.91111112 0.95555556 0.95555556 0.95555556 0.95555556 0.95555556 0.95555556
0.64444447 0.91111112 0.93333334 0.93333334 0.93333334 0.93333334 0.93333334 0.95555556 0.93333334 0.95555556 0.95555556
0.08888889 0.84444445 0.86666667 0.88888890 0.91111112 0.95555556 0.95555556 0.95555556 0.95555556 0.95555556 0.95555556
0.35555556 0.86666667 0.91111112 0.91111112 0.97777778 0.97777778 0.97777778 0.97777778 0.97777778 0.97777778 0.97777778
0.42222223 0.86666667 0.88888890 0.93333334 0.93333334 0.93333334 0.95555556 0.95555556 0.95555556 0.95555556 0.95555556
0.55555558 0.95555556 0.95555556 0.95555556 0.95555556 0.95555556 0.91111112 0.91111112 0.91111112 0.91111112 0.91111112
0.02222222 0.84444445 0.93333334 0.93333334 0.93333334 0.95555556 0.95555556 0.97777778 0.97777778 1.00000000 1.00000000
0.04444445 0.82222223 0.88888890 0.88888890 0.88888890 0.88888890 0.88888890 0.88888890 0.88888890 0.88888890 0.88888890
0.35555556 0.86666667 0.97777778 0.97777778 1.00000000 1.00000000 1.00000000 1.00000000 1.00000000 1.00000000 1.00000000
0.24444444 0.84444445 0.84444445 0.88888890 0.91111112 0.93333334 0.93333334 0.93333334 0.93333334 0.93333334 0.93333334
0.62222224 0.91111112 0.95555556 0.95555556 0.95555556 0.93333334 0.93333334 0.93333334 0.93333334 0.93333334 0.93333334
0.11111111 0.86666667 0.82222223 0.84444445 0.88888890 0.91111112 0.91111112 0.91111112 0.91111112 0.91111112 0.91111112
0.22222222 0.77777779 0.73333335 0.84444445 0.84444445 0.82222223 0.88888890 0.88888890 0.84444445 0.88888890 0.88888890
0.11111111 0.77777779 0.86666667 0.88888890 0.88888890 0.91111112 0.91111112 0.93333334 0.93333334 0.95555556 0.95555556
0.13333334 0.91111112 0.88888890 0.91111112 0.91111112 0.91111112 0.95555556 0.97777778 0.97777778 0.97777778 0.97777778
0.40000001 0.93333334 0.93333334 0.93333334 0.93333334 0.95555556 0.95555556 0.97777778 0.95555556 0.97777778 0.97777778
0.35555556 0.93333334 0.97777778 1.00000000 1.00000000 1.00000000 1.00000000 0.97777778 1.00000000 1.00000000 0.97777778
0.31111112 0.91111112 0.91111112 0.93333334 1.00000000 1.00000000 1.00000000 1.00000000 1.00000000 1.00000000 1.00000000
0.08888889 0.88888890 0.88888890 0.91111112 0.95555556 0.95555556 0.97777778 0.97777778 0.97777778 0.97777778 0.97777778
0.42222223 0.91111112 0.91111112 0.93333334 0.95555556 0.95555556 0.95555556 0.95555556 0.95555556 0.95555556 0.95555556
0.33333334 0.93333334 0.93333334 0.93333334 0.95555556 0.93333334 0.93333334 0.93333334 0.93333334 0.93333334 0.93333334
0.31111112 0.86666667 0.88888890 0.91111112 0.93333334 0.95555556 0.93333334 0.93333334 0.93333334 0.93333334 0.93333334
0.75555557 0.80000001 0.84444445 0.86666667 0.91111112 0.91111112 0.91111112 0.91111112 0.91111112 0.93333334 0.91111112
0.04444445 0.88888890 0.93333334 0.95555556 0.95555556 0.95555556 1.00000000 1.00000000 1.00000000 0.97777778 1.00000000
0.37777779 0.86666667 0.86666667 0.88888890 0.91111112 0.93333334 0.93333334 0.95555556 0.95555556 0.95555556 0.95555556
0.11111111 0.86666667 0.88888890 0.88888890 0.95555556 0.95555556 0.95555556 0.97777778 0.97777778 0.97777778 0.97777778
0.31111112 0.93333334 0.93333334 0.95555556 0.95555556 0.95555556 0.95555556 0.95555556 0.95555556 0.95555556 0.95555556
0.68888891 0.95555556 0.95555556 0.95555556 0.95555556 0.95555556 0.95555556 0.95555556 0.95555556 0.95555556 0.95555556
0.37777779 0.86666667 0.91111112 0.91111112 0.88888890 0.88888890 0.91111112 0.91111112 0.91111112 0.93333334 0.93333334
0.62222224 0.86666667 0.91111112 0.93333334 0.95555556 0.95555556 0.97777778 0.95555556 0.97777778 0.97777778 0.97777778
0.68888891 0.95555556 0.93333334 0.93333334 0.95555556 0.95555556 0.97777778 0.95555556 0.95555556 0.95555556 0.97777778
0.71111113 0.91111112 0.91111112 0.93333334 0.93333334 0.93333334 0.95555556 0.97777778 0.97777778 0.97777778 0.97777778
0.08888889 0.77777779 0.84444445 0.88888890 0.88888890 0.88888890 0.91111112 0.91111112 0.91111112 0.91111112 0.93333334
0.73333335 0.86666667 0.88888890 0.91111112 0.93333334 0.93333334 0.95555556 0.95555556 0.95555556 0.95555556 0.95555556
0.46666667 0.77777779 0.80000001 0.77777779 0.82222223 0.84444445 0.84444445 0.86666667 0.88888890 0.88888890 0.88888890
0.35555556 0.82222223 0.82222223 0.86666667 0.88888890 0.88888890 0.88888890 0.88888890 0.88888890 0.88888890 0.88888890
0.48888889 0.93333334 0.95555556 0.97777778 0.97777778 0.97777778 0.97777778 0.97777778 0.97777778 0.97777778 0.97777778
0.35555556 0.91111112 0.91111112 0.95555556 0.95555556 0.97777778 1.00000000 1.00000000 1.00000000 1.00000000 1.00000000
0.62222224 0.84444445 0.86666667 0.86666667 0.88888890 0.91111112 0.93333334 0.93333334 0.95555556 0.95555556 0.95555556
0.31111112 0.86666667 0.93333334 0.95555556 0.97777778 0.97777778 0.97777778 0.97777778 0.97777778 0.97777778 0.97777778
0.24444444 0.84444445 0.88888890 0.88888890 0.88888890 0.91111112 0.91111112 0.91111112 0.91111112 0.91111112 0.93333334
0.35555556 0.73333335 0.80000001 0.84444445 0.84444445 0.84444445 0.88888890 0.86666667 0.86666667 0.88888890 0.88888890
0.42222223 0.91111112 0.91111112 0.91111112 0.93333334 0.91111112 0.93333334 0.93333334 0.97777778 0.97777778 0.97777778
0.62222224 0.84444445 0.88888890 0.91111112 0.91111112 0.95555556 0.95555556 0.95555556 0.95555556 0.95555556 0.95555556
0.15555556 0.82222223 0.84444445 0.84444445 0.86666667 0.86666667 0.86666667 0.86666667 0.88888890 0.88888890 0.88888890
0.11111111 0.82222223 0.84444445 0.84444445 0.86666667 0.86666667 0.86666667 0.86666667 0.86666667 0.86666667 0.91111112
0.26666668 0.84444445 0.84444445 0.86666667 0.88888890 0.95555556 0.95555556 0.95555556 0.95555556 0.95555556 0.95555556
0.66666669 0.80000001 0.86666667 0.86666667 0.88888890 0.91111112 0.88888890 0.93333334 0.93333334 0.93333334 0.93333334
0.40000001 0.88888890 0.88888890 0.91111112 0.91111112 0.91111112 0.88888890 0.91111112 0.91111112 0.91111112 0.91111112
0.28888890 0.91111112 0.95555556 0.95555556 0.95555556 0.95555556 0.95555556 0.95555556 0.95555556 0.95555556 0.95555556
0.64444447 0.93333334 0.95555556 0.93333334 0.93333334 0.93333334 0.95555556 0.95555556 0.95555556 0.93333334 0.93333334
0.82222223 0.95555556 0.95555556 0.97777778 0.97777778 0.97777778 1.00000000 1.00000000 1.00000000 1.00000000 1.00000000
0.22222222 0.86666667 0.88888890 0.91111112 0.93333334 0.91111112 0.91111112 0.91111112 0.91111112 0.91111112 0.93333334
0.55555558 0.88888890 0.93333334 0.91111112 0.97777778 0.97777778 0.97777778 0.97777778 0.97777778 0.97777778 0.97777778
0.00000000 0.97777778 1.00000000 1.00000000 1.00000000 1.00000000 1.00000000 1.00000000 1.00000000 0.97777778 0.95555556
0.00000000 0.86666667 0.91111112 0.95555556 0.95555556 0.95555556 0.95555556 1.00000000 1.00000000 1.00000000 1.00000000
