0.22222222 0.93333334 0.91111112 0.97777778 0.68888891 1.00000000 0.95555556 0.91111112 0.95555556 1.00000000 1.00000000
0.35555556 0.95555556 0.97777778 0.91111112 0.93333334 0.97777778 0.84444445 0.93333334 0.97777778 0.97777778 0.97777778
0.40000001 0.75555557 0.91111112 0.86666667 0.95555556 0.93333334 0.95555556 0.93333334 0.95555556 0.93333334 0.93333334
0.00000000 0.60000002 0.66666669 0.95555556 0.68888891 0.97777778 0.77777779 0.97777778 0.97777778 0.93333334 0.97777778
0.31111112 0.75555557 0.68888891 0.97777778 0.97777778 0.97777778 0.97777778 0.97777778 1.00000000 1.00000000 1.00000000
0.26666668 0.71111113 0.82222223 0.84444445 0.82222223 0.80000001 0.93333334 0.93333334 0.93333334 0.91111112 0.93333334
0.33333334 0.66666669 0.68888891 0.88888890 0.66666669 0.97777778 0.82222223 0.88888890 0.97777778 0.95555556 0.97777778
0.44444445 0.71111113 0.68888891 0.86666667 0.91111112 0.91111112 0.82222223 0.95555556 0.95555556 0.95555556 0.95555556
0.28888890 0.57777780 0.60000002 0.95555556 0.60000002 0.95555556 0.93333334 0.95555556 0.95555556 0.88888890 0.93333334
0.55555558 0.71111113 0.73333335 0.68888891 0.91111112 0.93333334 0.95555556 0.95555556 0.97777778 0.95555556 0.95555556
0.24444444 0.68888891 0.68888891 0.73333335 0.91111112 0.86666667 0.88888890 0.86666667 0.91111112 0.91111112 0.93333334
0.35555556 0.62222224 0.93333334 0.93333334 0.80000001 0.73333335 0.95555556 0.95555556 0.95555556 0.95555556 0.95555556
0.40000001 0.66666669 0.84444445 0.93333334 0.88888890 0.95555556 0.75555557 0.93333334 0.95555556 0.93333334 0.93333334
0.31111112 0.60000002 0.75555557 0.88888890 0.60000002 0.93333334 1.00000000 0.68888891 1.00000000 1.00000000 1.00000000
