0.57777780 0.64444447 0.75555557 0.95555556 0.95555556 0.95555556 0.95555556 0.95555556 0.97777778 0.97777778 0.97777778
0.35555556 0.77777779 0.60000002 0.68888891 0.75555557 0.86666667 0.91111112 0.95555556 0.97777778 0.95555556 0.97777778
0.22222222 0.75555557 0.86666667 0.82222223 0.86666667 0.95555556 0.86666667 0.95555556 0.95555556 0.95555556 0.95555556
0.42222223 0.57777780 0.62222224 0.93333334 0.62222224 0.97777778 0.97777778 0.95555556 0.86666667 0.88888890 0.95555556
0.35555556 0.46666667 0.68888891 0.86666667 0.84444445 0.91111112 0.93333334 0.97777778 0.88888890 0.95555556 1.00000000
0.42222223 0.22222222 0.71111113 0.71111113 0.84444445 0.93333334 0.88888890 0.95555556 0.95555556 0.95555556 0.95555556
0.40000001 0.64444447 0.75555557 0.88888890 0.93333334 0.88888890 0.97777778 0.97777778 0.95555556 0.95555556 0.97777778
0.33333334 0.57777780 0.60000002 0.64444447 0.66666669 0.86666667 0.86666667 0.93333334 0.91111112 0.91111112 0.95555556
0.31111112 0.73333335 0.80000001 0.86666667 0.84444445 0.95555556 0.95555556 0.97777778 0.97777778 0.97777778 1.00000000
0.35555556 0.71111113 0.91111112 0.88888890 0.95555556 0.93333334 0.95555556 0.95555556 0.95555556 0.95555556 0.97777778
0.33333334 0.62222224 0.77777779 0.91111112 0.86666667 0.93333334 0.82222223 0.95555556 0.93333334 0.95555556 0.93333334
0.40000001 0.35555556 0.51111114 0.97777778 0.86666667 0.88888890 0.82222223 1.00000000 0.97777778 0.97777778 1.00000000
0.26666668 0.66666669 0.62222224 0.86666667 0.80000001 0.93333334 0.91111112 0.91111112 0.93333334 0.91111112 0.91111112
0.02222222 0.28888890 0.46666667 0.51111114 0.66666669 0.75555557 0.91111112 0.95555556 0.93333334 0.93333334 1.00000000
0.33333334 0.60000002 0.60000002 0.71111113 0.73333335 0.75555557 0.86666667 0.91111112 0.91111112 0.95555556 1.00000000
0.22222222 0.31111112 0.55555558 0.53333336 0.60000002 0.64444447 0.77777779 0.84444445 0.84444445 0.86666667 0.91111112
0.00000000 0.57777780 0.71111113 0.73333335 0.84444445 0.91111112 0.95555556 0.95555556 0.97777778 0.95555556 0.95555556
0.33333334 0.35555556 0.80000001 0.82222223 0.93333334 0.97777778 0.91111112 0.97777778 0.93333334 0.97777778 0.97777778
0.31111112 0.33333334 0.55555558 0.57777780 0.57777780 0.66666669 0.68888891 0.71111113 0.93333334 0.91111112 0.97777778
0.37777779 0.62222224 0.68888891 0.73333335 0.80000001 0.77777779 0.77777779 0.91111112 0.95555556 0.97777778 0.93333334
0.26666668 0.33333334 0.75555557 0.82222223 0.84444445 0.88888890 0.88888890 0.91111112 0.91111112 0.91111112 0.93333334
0.24444444 0.64444447 0.73333335 0.68888891 0.91111112 0.91111112 0.91111112 0.93333334 0.91111112 0.93333334 0.91111112
0.40000001 0.84444445 0.84444445 0.86666667 0.93333334 0.88888890 0.93333334 0.88888890 0.91111112 0.95555556 0.95555556
0.35555556 0.15555556 0.64444447 0.73333335 0.75555557 0.86666667 0.97777778 0.97777778 1.00000000 0.91111112 1.00000000
0.35555556 0.64444447 0.71111113 0.86666667 0.93333334 0.88888890 0.95555556 0.95555556 0.95555556 0.95555556 0.95555556
0.15555556 0.68888891 0.75555557 0.95555556 0.84444445 0.91111112 0.95555556 0.97777778 0.95555556 0.95555556 0.95555556
0.24444444 0.60000002 0.64444447 0.93333334 0.95555556 0.77777779 0.91111112 0.93333334 0.97777778 0.97777778 0.97777778
0.31111112 0.66666669 0.57777780 0.57777780 0.57777780 0.75555557 0.80000001 0.84444445 0.88888890 0.91111112 0.91111112
0.28888890 0.31111112 0.62222224 0.82222223 0.82222223 0.91111112 0.80000001 0.93333334 0.95555556 1.00000000 1.00000000
0.35555556 0.31111112 0.64444447 0.73333335 0.88888890 0.95555556 0.82222223 0.93333334 0.95555556 0.95555556 0.95555556
0.31111112 0.68888891 0.73333335 0.95555556 0.75555557 0.77777779 0.95555556 0.95555556 0.97777778 0.95555556 0.97777778
0.00000000 0.66666669 0.84444445 0.71111113 0.75555557 0.93333334 0.97777778 0.95555556 0.91111112 0.97777778 0.95555556
0.35555556 0.73333335 0.93333334 0.91111112 0.93333334 0.95555556 0.97777778 0.95555556 0.95555556 0.97777778 0.95555556
0.40000001 0.77777779 0.68888891 0.82222223 0.82222223 0.88888890 0.86666667 0.93333334 0.91111112 0.91111112 0.93333334
0.42222223 0.57777780 0.57777780 0.57777780 0.57777780 0.73333335 0.64444447 0.82222223 0.93333334 0.84444445 0.93333334
0.31111112 0.73333335 0.77777779 0.80000001 0.86666667 0.91111112 0.93333334 0.93333334 0.95555556 0.97777778 0.95555556
0.37777779 0.31111112 0.68888891 0.68888891 0.68888891 0.75555557 0.71111113 1.00000000 1.00000000 1.00000000 1.00000000
0.44444445 0.33333334 0.57777780 0.64444447 0.75555557 0.82222223 0.86666667 0.86666667 0.86666667 0.86666667 0.88888890
0.00000000 0.62222224 0.75555557 0.91111112 0.95555556 0.86666667 0.91111112 0.95555556 0.88888890 0.95555556 0.95555556
0.26666668 0.62222224 0.55555558 0.62222224 0.62222224 0.84444445 0.93333334 0.97777778 0.88888890 0.95555556 0.95555556
0.40000001 0.60000002 0.86666667 0.64444447 0.71111113 0.75555557 0.88888890 0.95555556 0.95555556 0.95555556 0.95555556
0.20000000 0.48888889 0.75555557 0.84444445 0.86666667 0.91111112 0.95555556 0.97777778 0.97777778 0.97777778 1.00000000
0.68888891 0.60000002 0.64444447 0.80000001 0.95555556 0.95555556 0.84444445 0.95555556 0.95555556 0.95555556 0.95555556
0.35555556 0.51111114 0.88888890 0.91111112 0.91111112 0.91111112 0.91111112 0.91111112 0.93333334 0.95555556 0.97777778
0.35555556 0.46666667 0.53333336 0.68888891 0.82222223 0.80000001 0.88888890 0.97777778 0.97777778 0.97777778 0.97777778
0.40000001 0.71111113 0.80000001 0.86666667 0.95555556 0.95555556 0.95555556 0.95555556 0.91111112 0.97777778 0.95555556
0.00000000 0.31111112 0.64444447 0.93333334 0.80000001 0.93333334 0.84444445 0.88888890 1.00000000 1.00000000 1.00000000
0.33333334 0.44444445 0.75555557 0.77777779 0.86666667 1.00000000 0.91111112 1.00000000 0.97777778 0.97777778 0.95555556
0.31111112 0.64444447 0.77777779 0.80000001 0.86666667 0.88888890 0.88888890 0.88888890 0.84444445 0.91111112 0.91111112
0.22222222 0.80000001 0.62222224 0.93333334 0.80000001 0.91111112 0.95555556 0.95555556 0.88888890 0.93333334 0.93333334
0.44444445 0.37777779 0.62222224 0.62222224 0.71111113 0.88888890 0.77777779 0.91111112 0.88888890 0.93333334 0.91111112
0.37777779 0.31111112 0.64444447 0.88888890 0.84444445 0.73333335 0.88888890 0.95555556 0.97777778 0.97777778 0.93333334
0.71111113 0.71111113 0.71111113 0.84444445 0.95555556 0.95555556 0.97777778 0.97777778 0.97777778 0.93333334 0.97777778
0.40000001 0.60000002 0.93333334 0.77777779 0.86666667 0.93333334 0.88888890 0.95555556 0.95555556 0.95555556 0.95555556
0.40000001 0.86666667 0.71111113 0.88888890 0.91111112 1.00000000 0.91111112 0.97777778 1.00000000 1.00000000 1.00000000
0.24444444 0.57777780 0.95555556 0.95555556 0.97777778 0.86666667 0.91111112 0.97777778 0.93333334 0.97777778 0.97777778
0.28888890 0.26666668 0.57777780 0.57777780 0.75555557 0.73333335 0.68888891 0.86666667 0.93333334 0.93333334 0.91111112
0.24444444 0.60000002 0.68888891 0.75555557 0.82222223 0.88888890 0.91111112 0.88888890 0.86666667 0.93333334 0.91111112
0.31111112 0.42222223 0.91111112 0.80000001 0.88888890 0.80000001 0.84444445 0.95555556 0.97777778 0.97777778 0.97777778
0.55555558 0.66666669 0.73333335 0.77777779 0.88888890 0.88888890 0.93333334 0.88888890 0.93333334 0.88888890 0.93333334
0.33333334 0.66666669 0.77777779 0.68888891 0.93333334 0.93333334 0.88888890 0.97777778 1.00000000 0.97777778 0.97777778
0.35555556 0.44444445 0.91111112 0.93333334 0.88888890 0.97777778 0.97777778 0.97777778 0.97777778 0.97777778 0.97777778
0.40000001 0.62222224 0.75555557 0.84444445 0.84444445 0.88888890 0.86666667 0.86666667 0.86666667 0.88888890 0.88888890
0.33333334 0.26666668 0.73333335 0.71111113 0.86666667 0.82222223 0.88888890 0.91111112 0.88888890 0.91111112 0.91111112
0.00000000 0.35555556 0.88888890 0.73333335 0.91111112 0.95555556 0.95555556 1.00000000 0.95555556 1.00000000 1.00000000
0.40000001 0.55555558 0.62222224 0.68888891 0.80000001 0.91111112 0.91111112 0.88888890 0.93333334 0.93333334 0.93333334
0.33333334 0.68888891 0.91111112 0.91111112 0.97777778 0.95555556 0.97777778 0.97777778 0.97777778 0.97777778 0.97777778
0.22222222 0.73333335 0.97777778 0.95555556 0.97777778 0.95555556 0.95555556 0.95555556 0.95555556 1.00000000 0.97777778
0.46666667 0.77777779 0.82222223 0.84444445 0.82222223 0.93333334 0.95555556 0.95555556 0.95555556 0.95555556 0.95555556
0.31111112 0.60000002 0.73333335 0.73333335 0.80000001 0.82222223 0.77777779 0.80000001 0.93333334 0.88888890 0.95555556
0.37777779 0.35555556 0.77777779 0.77777779 0.77777779 0.82222223 0.82222223 0.80000001 0.86666667 0.86666667 0.93333334
0.57777780 0.88888890 0.93333334 0.93333334 0.93333334 0.95555556 0.95555556 0.93333334 0.95555556 0.93333334 0.95555556
0.26666668 0.64444447 0.64444447 0.88888890 0.84444445 0.82222223 0.84444445 0.91111112 0.93333334 0.93333334 0.93333334
0.37777779 0.60000002 0.62222224 0.62222224 0.95555556 0.82222223 0.86666667 0.93333334 0.95555556 0.84444445 0.93333334
0.22222222 0.57777780 0.64444447 0.80000001 0.95555556 0.97777778 0.88888890 0.97777778 0.97777778 0.97777778 0.97777778
0.75555557 0.46666667 0.46666667 0.57777780 1.00000000 1.00000000 0.88888890 0.97777778 0.95555556 0.88888890 1.00000000
0.28888890 0.93333334 0.93333334 0.95555556 0.95555556 0.95555556 0.95555556 0.97777778 0.97777778 0.95555556 0.95555556
0.37777779 0.68888891 0.88888890 0.88888890 0.93333334 0.95555556 0.80000001 0.95555556 0.95555556 0.95555556 0.95555556
0.40000001 0.35555556 0.73333335 0.77777779 0.71111113 0.75555557 0.80000001 0.93333334 0.86666667 0.86666667 0.93333334
0.35555556 0.26666668 0.64444447 0.64444447 0.77777779 0.66666669 0.91111112 0.91111112 0.91111112 0.91111112 0.93333334
0.35555556 0.73333335 0.88888890 0.91111112 0.88888890 0.86666667 0.86666667 0.86666667 0.91111112 0.91111112 0.91111112
0.31111112 0.28888890 0.71111113 0.93333334 0.93333334 0.77777779 0.95555556 0.95555556 1.00000000 1.00000000 0.97777778
0.33333334 0.42222223 0.80000001 0.82222223 0.82222223 0.86666667 0.86666667 0.91111112 0.88888890 0.91111112 0.91111112
0.37777779 0.66666669 0.66666669 0.93333334 0.93333334 0.93333334 0.88888890 0.95555556 0.95555556 0.97777778 0.97777778
0.55555558 0.57777780 0.73333335 0.97777778 0.84444445 0.97777778 0.97777778 0.97777778 0.97777778 0.97777778 0.97777778
0.66666669 0.62222224 0.66666669 0.80000001 0.93333334 0.88888890 0.80000001 0.95555556 0.95555556 0.84444445 0.95555556
0.35555556 0.64444447 0.66666669 0.66666669 0.64444447 0.73333335 0.88888890 0.88888890 0.86666667 0.88888890 0.91111112
0.28888890 0.44444445 0.88888890 0.91111112 0.93333334 0.75555557 1.00000000 1.00000000 1.00000000 1.00000000 0.97777778
0.33333334 0.62222224 0.73333335 0.77777779 0.82222223 0.88888890 0.77777779 0.95555556 0.97777778 0.97777778 0.93333334
0.00000000 0.51111114 0.82222223 0.93333334 0.95555556 0.95555556 0.95555556 0.93333334 0.93333334 0.93333334 0.93333334
0.62222224 1.00000000 0.91111112 0.97777778 0.93333334 1.00000000 0.97777778 0.97777778 0.97777778 0.97777778 0.93333334
0.37777779 0.62222224 0.64444447 0.71111113 1.00000000 0.97777778 0.97777778 0.97777778 0.95555556 1.00000000 0.97777778
0.33333334 0.77777779 0.84444445 0.88888890 0.93333334 0.93333334 0.93333334 0.95555556 0.91111112 0.93333334 0.93333334
0.26666668 0.77777779 0.88888890 0.95555556 0.93333334 0.91111112 0.93333334 0.93333334 0.95555556 0.91111112 0.93333334
0.00000000 0.62222224 0.71111113 0.77777779 0.93333334 0.75555557 0.95555556 0.91111112 0.91111112 0.95555556 0.95555556
0.20000000 0.57777780 0.75555557 0.93333334 0.97777778 0.97777778 0.95555556 0.95555556 0.97777778 0.97777778 0.95555556
0.35555556 0.31111112 0.64444447 0.71111113 0.88888890 0.86666667 0.91111112 0.91111112 0.93333334 0.91111112 0.93333334
0.33333334 0.66666669 0.71111113 0.86666667 0.84444445 0.95555556 0.95555556 0.95555556 0.95555556 0.95555556 0.95555556
0.22222222 0.51111114 0.64444447 0.68888891 0.75555557 0.84444445 0.93333334 0.86666667 0.95555556 0.93333334 0.88888890
0.31111112 0.15555556 0.68888891 0.68888891 0.91111112 0.91111112 0.93333334 0.95555556 0.95555556 0.95555556 0.97777778
0.33333334 0.31111112 0.62222224 0.68888891 0.73333335 0.91111112 0.82222223 0.91111112 0.88888890 0.93333334 0.91111112
0.40000001 0.24444444 0.71111113 0.80000001 0.75555557 0.93333334 1.00000000 0.97777778 0.97777778 1.00000000 1.00000000
0.40000001 0.55555558 0.60000002 0.82222223 0.95555556 0.97777778 0.91111112 0.91111112 0.95555556 0.91111112 0.95555556
0.20000000 0.57777780 0.75555557 0.84444445 0.82222223 0.93333334 0.93333334 0.95555556 0.93333334 0.91111112 0.91111112
0.33333334 0.57777780 0.66666669 0.64444447 0.91111112 0.88888890 0.97777778 0.93333334 0.97777778 0.97777778 0.97777778
0.22222222 0.71111113 0.51111114 0.51111114 0.55555558 0.80000001 0.68888891 0.91111112 0.91111112 0.84444445 0.91111112
0.37777779 0.15555556 0.66666669 0.75555557 0.80000001 0.91111112 0.93333334 0.91111112 0.86666667 0.93333334 0.91111112
0.33333334 0.66666669 0.91111112 0.66666669 0.86666667 0.86666667 0.95555556 0.93333334 0.93333334 0.95555556 0.93333334
0.33333334 0.48888889 0.66666669 0.66666669 0.73333335 0.68888891 0.88888890 0.93333334 0.93333334 0.93333334 0.93333334
0.44444445 0.51111114 0.82222223 0.93333334 0.84444445 0.88888890 0.95555556 1.00000000 0.95555556 0.95555556 0.95555556
0.31111112 0.40000001 0.71111113 0.95555556 0.93333334 0.88888890 0.97777778 0.97777778 0.97777778 0.97777778 0.97777778
0.40000001 0.33333334 0.71111113 0.71111113 0.88888890 0.95555556 0.97777778 0.97777778 0.95555556 0.97777778 0.95555556
0.33333334 0.44444445 0.66666669 0.77777779 0.75555557 0.91111112 0.95555556 0.91111112 1.00000000 0.95555556 1.00000000
0.31111112 0.31111112 0.64444447 0.71111113 0.82222223 0.84444445 0.91111112 0.86666667 0.95555556 0.95555556 0.95555556
0.31111112 0.77777779 0.75555557 0.82222223 0.95555556 1.00000000 1.00000000 1.00000000 1.00000000 0.97777778 1.00000000
0.20000000 0.71111113 0.91111112 0.95555556 0.95555556 0.97777778 0.97777778 0.97777778 0.97777778 0.97777778 0.91111112
0.44444445 0.28888890 0.77777779 0.77777779 1.00000000 0.95555556 1.00000000 1.00000000 1.00000000 1.00000000 1.00000000
0.31111112 0.73333335 0.75555557 0.73333335 0.82222223 0.86666667 1.00000000 0.97777778 1.00000000 1.00000000 1.00000000
0.28888890 0.53333336 0.53333336 0.53333336 0.57777780 0.80000001 0.84444445 0.88888890 0.91111112 0.93333334 0.95555556
0.06666667 0.73333335 0.75555557 0.91111112 0.91111112 0.93333334 0.93333334 0.93333334 0.93333334 0.93333334 0.95555556
0.24444444 0.60000002 0.64444447 0.62222224 0.82222223 0.68888891 0.82222223 0.80000001 0.82222223 0.80000001 0.80000001
0.37777779 0.62222224 0.68888891 0.66666669 0.84444445 0.91111112 0.91111112 0.95555556 0.97777778 0.97777778 0.93333334
0.26666668 0.46666667 0.84444445 0.62222224 0.75555557 0.68888891 0.75555557 0.77777779 0.88888890 0.95555556 0.95555556
0.40000001 0.42222223 0.82222223 1.00000000 0.97777778 1.00000000 1.00000000 1.00000000 1.00000000 1.00000000 1.00000000
0.44444445 0.33333334 0.62222224 0.55555558 0.71111113 0.95555556 0.95555556 0.93333334 0.86666667 0.95555556 0.95555556
0.22222222 0.44444445 0.62222224 0.86666667 0.75555557 0.95555556 0.82222223 0.91111112 0.97777778 0.97777778 1.00000000
