0.22222222 0.80000001 0.77777779 0.75555557 0.75555557 0.80000001 0.82222223 0.82222223 0.82222223 0.84444445 0.86666667
0.02222222 0.73333335 0.80000001 0.84444445 0.84444445 0.84444445 0.86666667 0.86666667 0.88888890 0.93333334 0.91111112
0.53333336 0.62222224 0.73333335 0.82222223 0.84444445 0.86666667 0.88888890 0.91111112 0.93333334 0.93333334 0.93333334
0.37777779 0.82222223 0.91111112 0.91111112 0.91111112 0.91111112 0.93333334 0.93333334 0.95555556 0.95555556 0.95555556
0.00000000 0.77777779 0.84444445 0.86666667 0.93333334 0.95555556 0.95555556 0.95555556 0.95555556 0.95555556 0.97777778
0.33333334 0.73333335 0.77777779 0.82222223 0.86666667 0.88888890 0.86666667 0.88888890 0.93333334 0.93333334 0.93333334
0.71111113 0.82222223 0.84444445 0.86666667 0.86666667 0.91111112 0.91111112 0.88888890 0.88888890 0.88888890 0.88888890
0.31111112 0.75555557 0.93333334 0.95555556 0.97777778 0.97777778 0.97777778 0.97777778 0.97777778 0.97777778 0.97777778
0.64444447 0.91111112 0.91111112 0.91111112 0.91111112 0.93333334 0.93333334 0.93333334 0.95555556 0.95555556 0.95555556
0.46666667 0.88888890 0.93333334 0.95555556 0.97777778 0.97777778 0.97777778 0.95555556 0.95555556 0.95555556 0.95555556
0.66666669 0.84444445 0.91111112 0.95555556 0.95555556 0.95555556 0.95555556 0.95555556 0.97777778 0.97777778 0.97777778
0.35555556 0.95555556 0.88888890 0.91111112 0.91111112 0.97777778 0.95555556 0.97777778 0.97777778 0.97777778 0.97777778
0.55555558 0.77777779 0.80000001 0.84444445 0.86666667 0.86666667 0.86666667 0.86666667 0.88888890 0.88888890 0.88888890
0.22222222 0.82222223 0.80000001 0.80000001 0.86666667 0.88888890 0.93333334 0.93333334 0.93333334 0.93333334 0.95555556
