0.66666669 0.89473683 0.90058482 0.91812867 0.91812867 0.91228068 0.91228068 0.92397660 0.92397660 0.92397660 0.94152045
0.59649122 0.89473683 0.89473683 0.90643275 0.91228068 0.91228068 0.91812867 0.92397660 0.92982459 0.92397660 0.93567252
0.61988306 0.91228068 0.92397660 0.92397660 0.92982459 0.93567252 0.93567252 0.93567252 0.95321637 0.93567252 0.94152045
0.77192980 0.91228068 0.91228068 0.91228068 0.91228068 0.92397660 0.92982459 0.92982459 0.92982459 0.92982459 0.95906430
0.54970759 0.87719297 0.88888890 0.90643275 0.91228068 0.91812867 0.91812867 0.92397660 0.92982459 0.94736844 0.94152045
0.71345031 0.91228068 0.91228068 0.91812867 0.91812867 0.92397660 0.93567252 0.92397660 0.91228068 0.95906430 0.95321637
0.67251462 0.90058482 0.89473683 0.89473683 0.91812867 0.90058482 0.90058482 0.91228068 0.92397660 0.91812867 0.92397660
0.63157892 0.90058482 0.91812867 0.92397660 0.93567252 0.94152045 0.94152045 0.93567252 0.94152045 0.94152045 0.94736844
0.32163742 0.85964912 0.88304096 0.89473683 0.90058482 0.90058482 0.91228068 0.91812867 0.91812867 0.92982459 0.92982459
0.88888890 0.90058482 0.90643275 0.91228068 0.92397660 0.92397660 0.92982459 0.93567252 0.92982459 0.93567252 0.93567252
0.45614034 0.89473683 0.91812867 0.91812867 0.92982459 0.93567252 0.93567252 0.92397660 0.92982459 0.92982459 0.95906430
0.57894737 0.89473683 0.90643275 0.91812867 0.91812867 0.92982459 0.92397660 0.92397660 0.92397660 0.92982459 0.92397660
0.59064329 0.88304096 0.90058482 0.91812867 0.91812867 0.93567252 0.94152045 0.93567252 0.94736844 0.94152045 0.94736844
0.69590646 0.94152045 0.94736844 0.95321637 0.94736844 0.94736844 0.95321637 0.94736844 0.94736844 0.95321637 0.94736844
0.43274853 0.88888890 0.91812867 0.91228068 0.91812867 0.92982459 0.93567252 0.93567252 0.93567252 0.93567252 0.92982459
0.59649122 0.90643275 0.92982459 0.92397660 0.95321637 0.94736844 0.95906430 0.95906430 0.95906430 0.95906430 0.95906430
0.73684210 0.90058482 0.91812867 0.91812867 0.91812867 0.92397660 0.92397660 0.92982459 0.93567252 0.93567252 0.94152045
0.47953215 0.91228068 0.92397660 0.92982459 0.94152045 0.94152045 0.94152045 0.94152045 0.94152045 0.94152045 0.94736844
0.40935671 0.94736844 0.95906430 0.95321637 0.95321637 0.95321637 0.95321637 0.96491230 0.97076023 0.97076023 0.94736844
0.70175439 0.91812867 0.93567252 0.94152045 0.94736844 0.95321637 0.95906430 0.95906430 0.95906430 0.95906430 0.96491230
0.69590646 0.87719297 0.88888890 0.88888890 0.88304096 0.88888890 0.88888890 0.89473683 0.89473683 0.89473683 0.90058482
0.60818714 0.88304096 0.90058482 0.90058482 0.91228068 0.91812867 0.92397660 0.92982459 0.94152045 0.92397660 0.93567252
0.32748538 0.90643275 0.90643275 0.91812867 0.91812867 0.92397660 0.93567252 0.92982459 0.93567252 0.93567252 0.94152045
0.63742691 0.85964912 0.86549705 0.87719297 0.87719297 0.88304096 0.88888890 0.88304096 0.88888890 0.90643275 0.91228068
0.26900584 0.85964912 0.90643275 0.91812867 0.91812867 0.91812867 0.92397660 0.92982459 0.93567252 0.93567252 0.93567252
0.63157892 0.88888890 0.92397660 0.92982459 0.92982459 0.94152045 0.94736844 0.94152045 0.95906430 0.95321637 0.95906430
0.63742691 0.90058482 0.88888890 0.90058482 0.90643275 0.90643275 0.91228068 0.91228068 0.92982459 0.92982459 0.93567252
0.66666669 0.91228068 0.91228068 0.91228068 0.91812867 0.91812867 0.91812867 0.91812867 0.91812867 0.91812867 0.91812867
0.60818714 0.89473683 0.90058482 0.90643275 0.92397660 0.92397660 0.92982459 0.92982459 0.92982459 0.94152045 0.92982459
0.42690060 0.90643275 0.91812867 0.93567252 0.94152045 0.95321637 0.94736844 0.94736844 0.95321637 0.95321637 0.95321637
0.43274853 0.90058482 0.90058482 0.93567252 0.94152045 0.95321637 0.94736844 0.95321637 0.95906430 0.96491230 0.96491230
0.59064329 0.88888890 0.90643275 0.91228068 0.91812867 0.91228068 0.92982459 0.91812867 0.92397660 0.91812867 0.92397660
0.71345031 0.88888890 0.91812867 0.92397660 0.92397660 0.92397660 0.93567252 0.94152045 0.94152045 0.94152045 0.95906430
0.69590646 0.89473683 0.91228068 0.91812867 0.92397660 0.92982459 0.93567252 0.93567252 0.93567252 0.94736844 0.94736844
0.33918127 0.91812867 0.91228068 0.90643275 0.92397660 0.92397660 0.92982459 0.93567252 0.93567252 0.93567252 0.95321637
0.42690060 0.87719297 0.88304096 0.89473683 0.90643275 0.92397660 0.92982459 0.92982459 0.92982459 0.92982459 0.92982459
0.61988306 0.90058482 0.92397660 0.91812867 0.92982459 0.92982459 0.92982459 0.94736844 0.94736844 0.94152045 0.94736844
0.50877196 0.87134504 0.88304096 0.90643275 0.90643275 0.90643275 0.91812867 0.91812867 0.92397660 0.92397660 0.92982459
0.66081870 0.90058482 0.91228068 0.92397660 0.92982459 0.92982459 0.92982459 0.92982459 0.92982459 0.92982459 0.92982459
0.61988306 0.92397660 0.94736844 0.96491230 0.96491230 0.97076023 0.97660822 0.98245615 0.97660822 0.97660822 0.98245615
0.20467836 0.92982459 0.94152045 0.93567252 0.94152045 0.93567252 0.94736844 0.95321637 0.95906430 0.95906430 0.97076023
0.66666669 0.91228068 0.91228068 0.90643275 0.91812867 0.91812867 0.92397660 0.92982459 0.94736844 0.94736844 0.93567252
0.61988306 0.88304096 0.91812867 0.92982459 0.93567252 0.92982459 0.92982459 0.94152045 0.92982459 0.93567252 0.94736844
0.61403507 0.88888890 0.89473683 0.91812867 0.92982459 0.93567252 0.93567252 0.93567252 0.93567252 0.94736844 0.94152045
0.60818714 0.91228068 0.93567252 0.94152045 0.94736844 0.94736844 0.95906430 0.96491230 0.96491230 0.96491230 0.95906430
0.58479530 0.88888890 0.91812867 0.91812867 0.92397660 0.94152045 0.95906430 0.94152045 0.95906430 0.95321637 0.95321637
0.60818714 0.87719297 0.90643275 0.91812867 0.91228068 0.92397660 0.92397660 0.92982459 0.92982459 0.93567252 0.95321637
0.58479530 0.89473683 0.91812867 0.92397660 0.92397660 0.92397660 0.93567252 0.94152045 0.94152045 0.94736844 0.93567252
0.78362572 0.90643275 0.90643275 0.91228068 0.91228068 0.92982459 0.91812867 0.94152045 0.93567252 0.94736844 0.94152045
0.11111111 0.92397660 0.93567252 0.94152045 0.94152045 0.94152045 0.94152045 0.94736844 0.94152045 0.94152045 0.94152045
0.73099416 0.90643275 0.90643275 0.91228068 0.92397660 0.92397660 0.92397660 0.92982459 0.92982459 0.94152045 0.94152045
0.63742691 0.89473683 0.91228068 0.92397660 0.91812867 0.92397660 0.93567252 0.94736844 0.95321637 0.95906430 0.95906430
0.62573099 0.91228068 0.94736844 0.94736844 0.95321637 0.95321637 0.94736844 0.94736844 0.95321637 0.95906430 0.95321637
0.64912283 0.89473683 0.90643275 0.91228068 0.91228068 0.92397660 0.92982459 0.93567252 0.94152045 0.93567252 0.94152045
0.20467836 0.85380119 0.86549705 0.88304096 0.88304096 0.88304096 0.88304096 0.89473683 0.89473683 0.89473683 0.89473683
0.52046782 0.91228068 0.91812867 0.91812867 0.91812867 0.91812867 0.94152045 0.92397660 0.94736844 0.94736844 0.92982459
0.59649122 0.92982459 0.92982459 0.94152045 0.95321637 0.94736844 0.95321637 0.95906430 0.95906430 0.95321637 0.95906430
0.64327484 0.91228068 0.91228068 0.92397660 0.92397660 0.93567252 0.94152045 0.94152045 0.94152045 0.94736844 0.94736844
0.63157892 0.87134504 0.90058482 0.90058482 0.90643275 0.93567252 0.92397660 0.93567252 0.95321637 0.94152045 0.94152045
0.47368422 0.87134504 0.88304096 0.91812867 0.92397660 0.92982459 0.92982459 0.93567252 0.93567252 0.94152045 0.94152045
0.40935671 0.89473683 0.90643275 0.91228068 0.89473683 0.90643275 0.92397660 0.93567252 0.92982459 0.94152045 0.94152045
0.59064329 0.85964912 0.87719297 0.87719297 0.88304096 0.88888890 0.89473683 0.90643275 0.90643275 0.90643275 0.91228068
0.66081870 0.91228068 0.92397660 0.92982459 0.93567252 0.94736844 0.92982459 0.93567252 0.94736844 0.95321637 0.95321637
0.39181286 0.92397660 0.92982459 0.93567252 0.93567252 0.94152045 0.95906430 0.95321637 0.95906430 0.95906430 0.95321637
0.73684210 0.94736844 0.95906430 0.94736844 0.95906430 0.95906430 0.96491230 0.95906430 0.96491230 0.95906430 0.96491230
0.57894737 0.85964912 0.89473683 0.90643275 0.90643275 0.91228068 0.92397660 0.92397660 0.91812867 0.93567252 0.92397660
0.62573099 0.90643275 0.91812867 0.92397660 0.93567252 0.94736844 0.93567252 0.94736844 0.95321637 0.94736844 0.95321637
0.16959064 0.91228068 0.91228068 0.90643275 0.92397660 0.92982459 0.94152045 0.94152045 0.94736844 0.95906430 0.95906430
0.57309943 0.93567252 0.95321637 0.95321637 0.95321637 0.95321637 0.95906430 0.95906430 0.96491230 0.96491230 0.97076023
0.56140351 0.87134504 0.88888890 0.91812867 0.92397660 0.92397660 0.92982459 0.92397660 0.93567252 0.93567252 0.92982459
0.45029241 0.90058482 0.91812867 0.92982459 0.93567252 0.93567252 0.94736844 0.95321637 0.95906430 0.95906430 0.96491230
0.86549705 0.95321637 0.94736844 0.94152045 0.94736844 0.93567252 0.94736844 0.94736844 0.94736844 0.95321637 0.94736844
0.60233921 0.92982459 0.94736844 0.95321637 0.94736844 0.95321637 0.95321637 0.95906430 0.95906430 0.95321637 0.96491230
0.65497077 0.94152045 0.94736844 0.95321637 0.96491230 0.96491230 0.96491230 0.94736844 0.96491230 0.96491230 0.96491230
0.85964912 0.91812867 0.92397660 0.92982459 0.94152045 0.92982459 0.94152045 0.92982459 0.94152045 0.93567252 0.94152045
0.61988306 0.93567252 0.95906430 0.96491230 0.96491230 0.97076023 0.97660822 0.97660822 0.97660822 0.97076023 0.97660822
0.43859649 0.90643275 0.92982459 0.92982459 0.92397660 0.93567252 0.93567252 0.92982459 0.92982459 0.93567252 0.94152045
0.22222222 0.86549705 0.89473683 0.89473683 0.90643275 0.91228068 0.91812867 0.91812867 0.92982459 0.91812867 0.93567252
0.61403507 0.88888890 0.90058482 0.91228068 0.92397660 0.91812867 0.92397660 0.92397660 0.92982459 0.92982459 0.92982459
0.62573099 0.93567252 0.95321637 0.94736844 0.94736844 0.95321637 0.95906430 0.95906430 0.96491230 0.96491230 0.96491230
0.57894737 0.83040935 0.83625734 0.83625734 0.85380119 0.85964912 0.85964912 0.86549705 0.85964912 0.89473683 0.89473683
0.66081870 0.92982459 0.94736844 0.94152045 0.93567252 0.94152045 0.94152045 0.94736844 0.94736844 0.95321637 0.94736844
0.64327484 0.91228068 0.92982459 0.92397660 0.93567252 0.93567252 0.94152045 0.93567252 0.94152045 0.94736844 0.95321637
0.47953215 0.91812867 0.92397660 0.93567252 0.91812867 0.92397660 0.92397660 0.93567252 0.92982459 0.92982459 0.92982459
0.66081870 0.91228068 0.91812867 0.91812867 0.92397660 0.91812867 0.91812867 0.91812867 0.92982459 0.92397660 0.92982459
0.56725144 0.90643275 0.93567252 0.93567252 0.93567252 0.94152045 0.94152045 0.94152045 0.94152045 0.94152045 0.94736844
0.66666669 0.90058482 0.91228068 0.91812867 0.93567252 0.94152045 0.93567252 0.94152045 0.95321637 0.94152045 0.95906430
0.63157892 0.89473683 0.90058482 0.92397660 0.92397660 0.92397660 0.92982459 0.92982459 0.92982459 0.93567252 0.93567252
0.62573099 0.91228068 0.92397660 0.92982459 0.92397660 0.93567252 0.92982459 0.92982459 0.92982459 0.93567252 0.92982459
0.63157892 0.90643275 0.90058482 0.90643275 0.91228068 0.91228068 0.91228068 0.91812867 0.92397660 0.91812867 0.92982459
0.52046782 0.91812867 0.91812867 0.92982459 0.93567252 0.92982459 0.93567252 0.93567252 0.93567252 0.93567252 0.94152045
0.65497077 0.94152045 0.94152045 0.94736844 0.94736844 0.94736844 0.94736844 0.94736844 0.95321637 0.95321637 0.95321637
0.23976608 0.94152045 0.92982459 0.94736844 0.94736844 0.94152045 0.95321637 0.96491230 0.96491230 0.97076023 0.97076023
0.64912283 0.85964912 0.88304096 0.87134504 0.87134504 0.88304096 0.88888890 0.88888890 0.89473683 0.89473683 0.91228068
0.59649122 0.88304096 0.91228068 0.91812867 0.91812867 0.91812867 0.91812867 0.91228068 0.91812867 0.92397660 0.91812867
0.60818714 0.90643275 0.91812867 0.91812867 0.92397660 0.92397660 0.93567252 0.93567252 0.94152045 0.94152045 0.94152045
0.68421054 0.92982459 0.92397660 0.92982459 0.92397660 0.92397660 0.92397660 0.94152045 0.95321637 0.94736844 0.96491230
0.53216374 0.88888890 0.87719297 0.88888890 0.88888890 0.89473683 0.90643275 0.89473683 0.90058482 0.90058482 0.90643275
0.50292397 0.88888890 0.88888890 0.88304096 0.88304096 0.89473683 0.90058482 0.90058482 0.90058482 0.90643275 0.90643275
0.64327484 0.91228068 0.91812867 0.91812867 0.92982459 0.93567252 0.92397660 0.93567252 0.92982459 0.93567252 0.94152045
