0.69005847 0.80116957 0.78947371 0.81286550 0.84795320 0.87134504 0.88304096 0.88888890 0.90643275 0.91812867 0.91812867
0.64912283 0.65497077 0.67836255 0.75438595 0.79532164 0.85380119 0.88304096 0.90643275 0.90643275 0.91812867 0.92397660
0.63742691 0.64912283 0.67836255 0.72514617 0.76608187 0.81871343 0.84795320 0.86549705 0.86549705 0.89473683 0.89473683
0.53216374 0.61403507 0.63742691 0.68421054 0.73684210 0.77192980 0.82456142 0.84795320 0.86549705 0.87719297 0.87719297
0.60233921 0.60233921 0.60233921 0.62573099 0.67836255 0.73099416 0.77777779 0.82456142 0.84210527 0.85380119 0.87134504
0.57894737 0.59064329 0.60818714 0.63742691 0.66666669 0.72514617 0.77192980 0.80701756 0.81286550 0.81286550 0.83040935
0.61403507 0.75438595 0.77777779 0.87134504 0.89473683 0.89473683 0.89473683 0.91812867 0.92982459 0.93567252 0.93567252
0.27485380 0.61988306 0.61988306 0.66666669 0.69005847 0.73684210 0.78362572 0.81286550 0.81871343 0.81871343 0.82456142
0.58479530 0.58479530 0.59649122 0.64327484 0.69005847 0.74269009 0.77777779 0.81286550 0.81871343 0.83625734 0.84795320
0.57309943 0.57894737 0.57894737 0.60233921 0.66081870 0.69005847 0.74853802 0.80116957 0.85964912 0.86549705 0.87134504
0.60233921 0.60233921 0.61403507 0.64327484 0.72514617 0.76023394 0.80701756 0.80701756 0.84210527 0.85964912 0.87134504
0.66666669 0.66666669 0.73684210 0.79532164 0.85380119 0.88888890 0.89473683 0.89473683 0.90058482 0.90058482 0.90643275
0.40935671 0.65497077 0.68421054 0.74269009 0.77777779 0.81286550 0.85380119 0.85964912 0.85964912 0.85964912 0.85964912
0.64912283 0.65497077 0.69005847 0.76608187 0.83040935 0.83625734 0.85380119 0.87719297 0.87719297 0.89473683 0.89473683
0.61403507 0.61403507 0.61988306 0.66081870 0.70175439 0.76608187 0.78362572 0.81286550 0.81871343 0.81871343 0.83040935
0.65497077 0.70175439 0.73684210 0.76608187 0.82456142 0.85380119 0.86549705 0.90058482 0.90058482 0.90643275 0.91812867
0.54970759 0.80116957 0.71345031 0.76608187 0.82456142 0.84210527 0.86549705 0.87134504 0.89473683 0.90058482 0.90058482
0.61988306 0.62573099 0.63742691 0.67251462 0.74269009 0.80116957 0.84795320 0.85380119 0.85964912 0.86549705 0.88304096
0.64912283 0.60818714 0.61403507 0.64327484 0.70760232 0.76023394 0.77777779 0.81871343 0.83625734 0.85380119 0.85964912
0.54970759 0.69005847 0.71929824 0.74269009 0.79532164 0.81871343 0.83625734 0.84210527 0.84795320 0.85380119 0.85964912
0.87134504 0.70760232 0.67836255 0.70175439 0.77192980 0.79532164 0.81286550 0.82456142 0.82456142 0.83040935 0.83040935
0.58479530 0.59649122 0.60233921 0.65497077 0.70760232 0.75438595 0.79532164 0.81286550 0.81871343 0.81871343 0.83040935
0.61403507 0.61403507 0.61988306 0.66666669 0.69590646 0.74853802 0.78362572 0.82456142 0.84795320 0.85380119 0.85380119
0.33333334 0.67251462 0.71345031 0.77777779 0.82456142 0.88304096 0.89473683 0.90058482 0.90058482 0.91228068 0.91228068
0.63742691 0.63742691 0.63742691 0.67251462 0.71929824 0.75438595 0.83040935 0.84795320 0.85964912 0.85964912 0.87719297
0.83040935 0.71929824 0.77192980 0.84210527 0.87719297 0.88304096 0.88888890 0.89473683 0.90643275 0.91812867 0.92397660
0.62573099 0.62573099 0.66081870 0.71345031 0.74269009 0.80116957 0.83040935 0.86549705 0.87134504 0.88888890 0.89473683
0.63157892 0.63157892 0.65497077 0.70760232 0.77192980 0.82456142 0.87134504 0.88888890 0.90058482 0.90058482 0.90643275
0.64327484 0.66081870 0.69005847 0.72514617 0.78947371 0.83625734 0.84795320 0.85964912 0.87134504 0.86549705 0.88888890
0.67251462 0.67836255 0.70175439 0.78947371 0.83625734 0.85964912 0.86549705 0.88304096 0.88304096 0.88888890 0.88888890
0.66081870 0.67251462 0.66081870 0.72514617 0.81286550 0.83040935 0.84210527 0.85380119 0.87719297 0.88888890 0.90058482
0.67836255 0.77192980 0.77192980 0.80116957 0.83625734 0.87719297 0.89473683 0.90058482 0.90643275 0.90643275 0.91812867
0.56140351 0.55555558 0.55555558 0.57894737 0.61403507 0.67251462 0.71345031 0.76608187 0.80116957 0.80701756 0.81871343
0.59064329 0.59649122 0.60818714 0.61403507 0.69005847 0.74853802 0.78362572 0.81286550 0.84210527 0.84795320 0.86549705
0.63742691 0.63742691 0.69005847 0.73684210 0.81286550 0.86549705 0.88888890 0.90058482 0.91812867 0.91812867 0.92397660
0.22222222 0.64327484 0.64912283 0.69590646 0.75438595 0.81286550 0.86549705 0.88888890 0.88888890 0.88888890 0.89473683
0.45029241 0.60818714 0.61403507 0.64912283 0.70760232 0.74269009 0.77777779 0.80116957 0.81286550 0.81871343 0.83040935
0.68421054 0.75438595 0.80116957 0.85964912 0.90058482 0.90643275 0.91228068 0.91228068 0.92397660 0.92397660 0.92397660
0.56140351 0.57894737 0.58479530 0.60818714 0.64912283 0.69590646 0.73684210 0.76023394 0.80701756 0.81871343 0.82456142
0.64327484 0.65497077 0.67836255 0.75438595 0.78362572 0.82456142 0.85380119 0.86549705 0.87719297 0.87719297 0.88304096
0.63157892 0.65497077 0.69590646 0.71929824 0.73684210 0.77777779 0.80701756 0.83040935 0.84795320 0.84795320 0.84795320
0.53801167 0.59649122 0.61403507 0.64327484 0.70175439 0.71345031 0.76023394 0.77777779 0.81286550 0.80701756 0.81871343
0.68421054 0.73099416 0.80701756 0.85964912 0.87719297 0.89473683 0.90643275 0.90643275 0.91228068 0.91228068 0.90643275
0.65497077 0.65497077 0.68421054 0.73099416 0.83040935 0.84795320 0.85964912 0.85964912 0.85964912 0.85964912 0.87719297
0.64912283 0.61988306 0.61403507 0.66081870 0.70760232 0.75438595 0.77777779 0.80116957 0.80701756 0.82456142 0.84795320
0.59064329 0.59064329 0.59064329 0.60818714 0.66081870 0.74269009 0.78362572 0.80701756 0.83625734 0.85964912 0.86549705
0.64912283 0.64912283 0.66081870 0.70760232 0.80116957 0.81871343 0.87134504 0.89473683 0.90058482 0.91228068 0.91228068
0.67836255 0.68421054 0.70175439 0.76023394 0.81871343 0.85380119 0.85964912 0.86549705 0.86549705 0.87719297 0.88304096
0.64912283 0.70760232 0.72514617 0.77777779 0.83040935 0.86549705 0.89473683 0.90058482 0.91812867 0.91812867 0.91812867
0.52631581 0.70175439 0.77192980 0.78947371 0.80116957 0.81286550 0.84795320 0.84795320 0.86549705 0.86549705 0.87134504
0.68421054 0.90058482 0.86549705 0.88304096 0.88304096 0.89473683 0.90643275 0.91812867 0.92982459 0.93567252 0.93567252
0.75438595 0.70175439 0.75438595 0.77777779 0.80116957 0.82456142 0.84210527 0.85380119 0.85964912 0.85964912 0.85964912
0.61403507 0.61403507 0.61403507 0.65497077 0.71929824 0.74269009 0.78362572 0.80116957 0.82456142 0.84210527 0.84210527
0.63742691 0.63742691 0.67836255 0.73099416 0.79532164 0.83040935 0.85380119 0.87719297 0.88304096 0.88888890 0.90058482
0.66081870 0.66081870 0.69005847 0.76023394 0.83625734 0.90058482 0.91228068 0.91812867 0.92397660 0.92982459 0.92982459
0.59649122 0.60233921 0.61403507 0.65497077 0.69590646 0.73684210 0.76023394 0.80116957 0.81871343 0.84210527 0.84210527
0.57309943 0.57309943 0.57309943 0.59649122 0.63742691 0.70175439 0.76023394 0.77777779 0.82456142 0.84795320 0.85964912
0.61403507 0.61403507 0.61403507 0.64912283 0.70760232 0.76023394 0.79532164 0.83040935 0.85380119 0.85380119 0.85964912
0.60818714 0.60818714 0.61403507 0.63742691 0.68421054 0.75438595 0.78362572 0.82456142 0.83040935 0.83040935 0.83625734
0.57309943 0.64912283 0.67836255 0.74853802 0.78362572 0.82456142 0.83040935 0.85380119 0.85380119 0.85964912 0.86549705
0.64327484 0.64327484 0.66081870 0.69590646 0.77777779 0.81871343 0.81871343 0.84210527 0.84210527 0.85964912 0.87134504
0.66666669 0.67251462 0.72514617 0.77777779 0.85380119 0.87719297 0.89473683 0.90058482 0.91812867 0.92397660 0.92982459
0.64912283 0.69590646 0.75438595 0.79532164 0.83040935 0.84210527 0.84210527 0.84210527 0.87134504 0.87134504 0.87134504
0.78362572 0.69590646 0.73099416 0.79532164 0.84795320 0.87134504 0.87134504 0.88888890 0.88888890 0.88888890 0.90058482
0.65497077 0.66081870 0.71929824 0.73099416 0.76023394 0.79532164 0.80116957 0.84210527 0.85380119 0.85380119 0.85380119
0.55555558 0.64327484 0.65497077 0.72514617 0.74853802 0.80116957 0.84795320 0.87719297 0.90058482 0.90643275 0.90643275
0.66666669 0.66081870 0.72514617 0.77192980 0.80701756 0.83040935 0.85964912 0.85964912 0.85964912 0.87134504 0.88304096
0.63742691 0.64327484 0.66666669 0.71929824 0.75438595 0.82456142 0.85964912 0.88304096 0.89473683 0.90058482 0.90643275
0.56725144 0.64327484 0.67836255 0.71345031 0.77192980 0.81286550 0.86549705 0.86549705 0.87719297 0.88304096 0.88888890
0.64912283 0.69590646 0.70760232 0.76023394 0.84795320 0.88304096 0.90643275 0.90643275 0.89473683 0.90058482 0.91228068
0.49122807 0.67836255 0.72514617 0.78947371 0.80701756 0.85964912 0.89473683 0.90058482 0.91228068 0.92397660 0.92982459
0.56140351 0.61403507 0.64912283 0.70175439 0.75438595 0.80116957 0.84795320 0.87134504 0.88304096 0.90643275 0.91228068
0.61403507 0.62573099 0.66081870 0.69590646 0.76023394 0.78947371 0.83040935 0.84210527 0.84210527 0.84210527 0.84210527
0.63157892 0.63742691 0.64912283 0.72514617 0.77777779 0.81286550 0.85380119 0.85964912 0.88888890 0.88888890 0.89473683
0.67836255 0.69590646 0.73684210 0.80116957 0.84210527 0.84795320 0.85380119 0.85380119 0.85380119 0.87719297 0.88888890
0.63157892 0.66081870 0.66666669 0.73099416 0.76608187 0.78362572 0.81286550 0.85380119 0.85380119 0.85964912 0.87134504
0.83040935 0.67836255 0.71929824 0.75438595 0.79532164 0.83625734 0.87134504 0.88304096 0.88888890 0.89473683 0.89473683
0.37426901 0.59649122 0.60818714 0.63742691 0.68421054 0.70760232 0.74853802 0.77777779 0.80701756 0.83625734 0.83040935
0.53801167 0.64327484 0.64327484 0.67836255 0.72514617 0.76023394 0.80116957 0.81871343 0.83625734 0.85964912 0.85964912
0.61403507 0.67836255 0.67251462 0.71929824 0.78362572 0.81871343 0.85380119 0.85964912 0.87719297 0.87719297 0.88304096
0.62573099 0.64912283 0.66666669 0.71345031 0.76608187 0.79532164 0.82456142 0.85380119 0.86549705 0.87134504 0.87719297
0.35672516 0.78362572 0.70760232 0.73099416 0.78947371 0.84795320 0.87719297 0.88304096 0.90058482 0.90058482 0.93567252
0.64912283 0.65497077 0.66666669 0.73099416 0.79532164 0.78947371 0.81871343 0.83040935 0.83040935 0.84210527 0.85380119
0.53216374 0.56140351 0.56140351 0.56140351 0.57894737 0.64327484 0.69590646 0.74853802 0.77192980 0.79532164 0.81871343
0.63742691 0.66666669 0.69005847 0.72514617 0.77192980 0.83040935 0.85964912 0.88304096 0.88888890 0.90643275 0.91812867
0.68421054 0.68421054 0.72514617 0.80701756 0.83625734 0.87719297 0.88888890 0.88888890 0.90058482 0.91228068 0.91812867
0.64912283 0.64912283 0.74269009 0.81286550 0.84210527 0.86549705 0.87719297 0.87719297 0.88304096 0.88304096 0.88304096
0.61988306 0.61988306 0.61988306 0.64912283 0.70175439 0.75438595 0.79532164 0.82456142 0.84795320 0.85964912 0.86549705
0.65497077 0.66666669 0.70175439 0.78362572 0.81871343 0.85380119 0.88888890 0.90058482 0.91228068 0.91228068 0.91228068
0.47953215 0.61988306 0.65497077 0.69590646 0.72514617 0.77777779 0.83040935 0.83625734 0.85964912 0.87134504 0.87719297
0.49707603 0.69005847 0.73684210 0.81286550 0.85380119 0.85964912 0.87134504 0.89473683 0.91228068 0.92397660 0.92397660
0.58479530 0.60233921 0.61988306 0.67836255 0.71929824 0.76608187 0.80116957 0.83625734 0.84795320 0.84795320 0.84795320
0.69005847 0.72514617 0.74269009 0.83040935 0.87134504 0.88888890 0.90643275 0.92397660 0.92397660 0.92982459 0.92982459
0.60818714 0.64912283 0.66081870 0.68421054 0.73684210 0.78362572 0.79532164 0.81286550 0.83625734 0.84795320 0.86549705
0.64912283 0.69590646 0.71929824 0.76023394 0.78947371 0.79532164 0.82456142 0.83040935 0.84210527 0.84795320 0.86549705
0.64912283 0.60233921 0.63742691 0.66081870 0.70175439 0.74269009 0.76023394 0.79532164 0.82456142 0.83040935 0.83625734
0.34502923 0.66666669 0.68421054 0.75438595 0.80116957 0.86549705 0.88304096 0.89473683 0.90058482 0.90058482 0.90643275
0.62573099 0.63157892 0.63742691 0.69590646 0.77777779 0.84210527 0.85964912 0.88888890 0.88888890 0.89473683 0.90643275
0.64327484 0.56725144 0.57894737 0.61403507 0.67836255 0.72514617 0.74269009 0.75438595 0.80701756 0.83040935 0.83625734
0.61988306 0.61988306 0.63157892 0.68421054 0.74853802 0.80116957 0.84795320 0.85964912 0.87719297 0.88304096 0.88888890
