0.76608187 0.98245615 0.98245615 0.98245615 0.98245615 0.98245615 0.98245615 0.97660822 0.98245615 0.98245615 0.97660822
0.34502923 0.97660822 0.97660822 0.98245615 0.97660822 0.97076023 0.96491230 0.97076023 0.96491230 0.97076023 0.97076023
0.16374269 0.97076023 0.97660822 0.96491230 0.95906430 0.95321637 0.94736844 0.94736844 0.94736844 0.94736844 0.94736844
0.87134504 0.97660822 0.96491230 0.96491230 0.96491230 0.95906430 0.96491230 0.95906430 0.95906430 0.96491230 0.96491230
0.19298245 0.98830408 0.99415207 0.98830408 0.98830408 0.98830408 0.98830408 0.98245615 0.98830408 0.98245615 0.98245615
0.42105263 0.99415207 0.99415207 0.99415207 0.98830408 0.98245615 0.98245615 0.98245615 0.98245615 0.98245615 0.98245615
0.65497077 0.98245615 0.97660822 0.97660822 0.98245615 0.97660822 0.97076023 0.97660822 0.97076023 0.97660822 0.97660822
0.48538011 0.96491230 0.97076023 0.96491230 0.96491230 0.97076023 0.96491230 0.97076023 0.97076023 0.97076023 0.96491230
0.40935671 0.96491230 0.97076023 0.97076023 0.97076023 0.97076023 0.97076023 0.97076023 0.97076023 0.97076023 0.96491230
0.36842105 0.98245615 0.98245615 0.98245615 0.98245615 0.97660822 0.97660822 0.97660822 0.97660822 0.97660822 0.97660822
0.30409357 0.96491230 0.96491230 0.96491230 0.96491230 0.96491230 0.96491230 0.95906430 0.95321637 0.95321637 0.95321637
0.75438595 0.97076023 0.95906430 0.97076023 0.97076023 0.97076023 0.97076023 0.97076023 0.97660822 0.97660822 0.96491230
0.68421054 0.98245615 0.98245615 0.98245615 0.98245615 0.98245615 0.97660822 0.98830408 0.97660822 0.98245615 0.98245615
0.37426901 0.95906430 0.95321637 0.95906430 0.95906430 0.95906430 0.95906430 0.96491230 0.95906430 0.95906430 0.95321637
0.22807017 0.99415207 0.99415207 0.99415207 0.99415207 0.99415207 0.99415207 0.99415207 0.99415207 0.98830408 0.98830408
0.69590646 0.95321637 0.97076023 0.97660822 0.96491230 0.96491230 0.97076023 0.97076023 0.96491230 0.96491230 0.96491230
0.42690060 0.97660822 0.97660822 0.98245615 0.98245615 0.98830408 0.98830408 0.98245615 0.97660822 0.97660822 0.97076023
0.08771930 0.97660822 0.98245615 0.98245615 0.98245615 0.98245615 0.97660822 0.97660822 0.97660822 0.97660822 0.97660822
0.12865497 0.98245615 0.98245615 0.98830408 0.98830408 0.98245615 0.98245615 0.98245615 0.98245615 0.98245615 0.98245615
0.14619882 0.96491230 0.96491230 0.95906430 0.95906430 0.95321637 0.95321637 0.95321637 0.95321637 0.95321637 0.95321637
0.11111111 0.96491230 0.97076023 0.97660822 0.97660822 0.97660822 0.97660822 0.97076023 0.97076023 0.97076023 0.97660822
0.65497077 0.95321637 0.95906430 0.95906430 0.95906430 0.95906430 0.95906430 0.95906430 0.95906430 0.96491230 0.96491230
0.66081870 0.98245615 0.97660822 0.97660822 0.97660822 0.97660822 0.97660822 0.97660822 0.97076023 0.97660822 0.97660822
0.46198830 0.97076023 0.97660822 0.98245615 0.97660822 0.97660822 0.97660822 0.97660822 0.97660822 0.97660822 0.97660822
0.46783626 0.97076023 0.97076023 0.97076023 0.96491230 0.97076023 0.97076023 0.96491230 0.97076023 0.97076023 0.97076023
0.35087720 0.96491230 0.96491230 0.96491230 0.97076023 0.97076023 0.97076023 0.97076023 0.97076023 0.97076023 0.97076023
0.85380119 0.95906430 0.96491230 0.96491230 0.96491230 0.96491230 0.96491230 0.95906430 0.96491230 0.96491230 0.95906430
0.52046782 0.97076023 0.97076023 0.97076023 0.96491230 0.97076023 0.97076023 0.97076023 0.95906430 0.95906430 0.95906430
0.67836255 0.98245615 0.98245615 0.97660822 0.97660822 0.97660822 0.97660822 0.97660822 0.97660822 0.97660822 0.97660822
0.37426901 0.98830408 0.98245615 0.98245615 0.98245615 0.98245615 0.98245615 0.98245615 0.98245615 0.98245615 0.98245615
0.38596490 0.97076023 0.97076023 0.97076023 0.97660822 0.97076023 0.97660822 0.97076023 0.97076023 0.97076023 0.97660822
0.50877196 0.97076023 0.98245615 0.98245615 0.98245615 0.98245615 0.98830408 0.98245615 0.98245615 0.98245615 0.98245615
0.69005847 0.98830408 0.99415207 0.98830408 0.98830408 0.98245615 0.98245615 0.98830408 0.98830408 0.98830408 0.98830408
0.14619882 0.98245615 0.98830408 0.98245615 0.97660822 0.97076023 0.96491230 0.95906430 0.95906430 0.96491230 0.95906430
0.89473683 0.97076023 0.97660822 0.97660822 0.97660822 0.97660822 0.97660822 0.97660822 0.97660822 0.97660822 0.97076023
0.16374269 0.99415207 1.00000000 0.98830408 0.98830408 0.99415207 0.99415207 0.98830408 0.98830408 0.98830408 0.98830408
0.23391813 0.98830408 0.99415207 0.99415207 0.98830408 0.98830408 0.98830408 0.98830408 0.98830408 0.98830408 0.98830408
0.62573099 0.99415207 0.99415207 0.98830408 0.98830408 0.98830408 0.98830408 0.98830408 0.97660822 0.98245615 0.97660822
0.81286550 0.97076023 0.96491230 0.96491230 0.97076023 0.97076023 0.96491230 0.96491230 0.96491230 0.96491230 0.96491230
0.73684210 0.99415207 0.99415207 0.98830408 0.98830408 0.98830408 0.98830408 0.98245615 0.98245615 0.97660822 0.97660822
0.36842105 0.97660822 0.98245615 0.98245615 0.98830408 0.98830408 0.98830408 0.98830408 0.98245615 0.97660822 0.97660822
0.17543860 0.95906430 0.96491230 0.96491230 0.96491230 0.96491230 0.96491230 0.97076023 0.97076023 0.97660822 0.97660822
0.60233921 0.99415207 1.00000000 1.00000000 1.00000000 1.00000000 1.00000000 1.00000000 0.98830408 0.98830408 0.98830408
0.43859649 0.99415207 0.99415207 0.99415207 0.98830408 0.98830408 0.98245615 0.98245615 0.98245615 0.98245615 0.98245615
0.77777779 0.98245615 0.98830408 0.98830408 0.98830408 0.98245615 0.98245615 0.98245615 0.98245615 0.97660822 0.97660822
0.13450292 0.98245615 0.97660822 0.97660822 0.97660822 0.97660822 0.97076023 0.97076023 0.97076023 0.97076023 0.97076023
0.74269009 0.96491230 0.96491230 0.96491230 0.97076023 0.97076023 0.96491230 0.97076023 0.97076023 0.96491230 0.97076023
0.58479530 0.98245615 0.98245615 0.98245615 0.98245615 0.97076023 0.97660822 0.98245615 0.97076023 0.97660822 0.97660822
0.92982459 0.97076023 0.97076023 0.96491230 0.96491230 0.95906430 0.95906430 0.95906430 0.95906430 0.95321637 0.94152045
0.67251462 0.98245615 0.98245615 0.98245615 0.98245615 0.98245615 0.98830408 0.98245615 0.98245615 0.98830408 0.98830408
0.63742691 0.96491230 0.97076023 0.96491230 0.96491230 0.96491230 0.96491230 0.96491230 0.96491230 0.97076023 0.96491230
0.23391813 0.98245615 0.98830408 0.98830408 0.98830408 0.98245615 0.98245615 0.98245615 0.98245615 0.97660822 0.98245615
0.38011697 0.98245615 0.97660822 0.97076023 0.96491230 0.95906430 0.95906430 0.95906430 0.95906430 0.95906430 0.95906430
0.52631581 0.98245615 0.98830408 0.98830408 0.98830408 0.98830408 0.98830408 0.98830408 0.98830408 0.98830408 0.98830408
0.90643275 0.94736844 0.95321637 0.95321637 0.95321637 0.95321637 0.94736844 0.95906430 0.93567252 0.94736844 0.94736844
0.90058482 0.97076023 0.97660822 0.96491230 0.95906430 0.95906430 0.95906430 0.95906430 0.95321637 0.95321637 0.95906430
0.11111111 0.98245615 0.97660822 0.98245615 0.97660822 0.98245615 0.97660822 0.97660822 0.97660822 0.97660822 0.97660822
0.55555558 0.98245615 0.98245615 0.98245615 0.97076023 0.96491230 0.96491230 0.97076023 0.97076023 0.95906430 0.97076023
0.31578946 0.98830408 0.98830408 0.98830408 0.98830408 0.98245615 0.99415207 0.99415207 0.99415207 0.99415207 0.99415207
0.76023394 0.98830408 0.98245615 0.98830408 0.97660822 0.97660822 0.97660822 0.97660822 0.97660822 0.97660822 0.97660822
0.42690060 0.97076023 0.97076023 0.96491230 0.96491230 0.96491230 0.96491230 0.96491230 0.96491230 0.96491230 0.96491230
0.12865497 0.97076023 0.97076023 0.97076023 0.97076023 0.97076023 0.97076023 0.97076023 0.97076023 0.97076023 0.97076023
0.17543860 0.95906430 0.96491230 0.97076023 0.96491230 0.96491230 0.96491230 0.96491230 0.95906430 0.95906430 0.95906430
0.71929824 0.98830408 0.98245615 0.97660822 0.97660822 0.97660822 0.97660822 0.97660822 0.97660822 0.97660822 0.98245615
0.55555558 0.97076023 0.97660822 0.97660822 0.97660822 0.97660822 0.97660822 0.97660822 0.97660822 0.97660822 0.97660822
0.54970759 0.97660822 0.97660822 0.97660822 0.99415207 0.97660822 0.97660822 0.98245615 0.98245615 0.97076023 0.98245615
0.60818714 0.97660822 0.97076023 0.96491230 0.96491230 0.96491230 0.97076023 0.97076023 0.97076023 0.97076023 0.96491230
0.79532164 0.97076023 0.96491230 0.95906430 0.95906430 0.95906430 0.95906430 0.95906430 0.95906430 0.95906430 0.95906430
0.87719297 0.98830408 0.98830408 0.98245615 0.98245615 0.98245615 0.98245615 0.98245615 0.97660822 0.97660822 0.97660822
0.45614034 0.97076023 0.98245615 0.98245615 0.98245615 0.98245615 0.98245615 0.98830408 0.98245615 0.98830408 0.98830408
0.37426901 0.97660822 0.97660822 0.97660822 0.97660822 0.97660822 0.97660822 0.97660822 0.97660822 0.97660822 0.97076023
0.83040935 0.97660822 0.96491230 0.96491230 0.95906430 0.95906430 0.96491230 0.95906430 0.96491230 0.96491230 0.96491230
0.33918127 0.98830408 1.00000000 1.00000000 1.00000000 1.00000000 1.00000000 1.00000000 1.00000000 1.00000000 1.00000000
0.16959064 0.97660822 0.97660822 0.98245615 0.98245615 0.98245615 0.98245615 0.98245615 0.98830408 0.98245615 0.98830408
0.52046782 0.95906430 0.95906430 0.95906430 0.95321637 0.96491230 0.95906430 0.95321637 0.94736844 0.94736844 0.94736844
0.18713450 0.95906430 0.95906430 0.96491230 0.96491230 0.95906430 0.95906430 0.95906430 0.95906430 0.95321637 0.95321637
0.38011697 0.97660822 0.97076023 0.97076023 0.97076023 0.97076023 0.96491230 0.96491230 0.96491230 0.96491230 0.95906430
0.25730994 0.97076023 0.96491230 0.96491230 0.96491230 0.95906430 0.95906430 0.95906430 0.95906430 0.95906430 0.95906430
0.84210527 0.95321637 0.96491230 0.96491230 0.96491230 0.97076023 0.96491230 0.97660822 0.97076023 0.97076023 0.97076023
0.21052632 0.98830408 0.98830408 0.98830408 0.98830408 0.98830408 0.98245615 0.98245615 0.97660822 0.97660822 0.97076023
0.21637426 0.97660822 0.97660822 0.97660822 0.97660822 0.97660822 0.97660822 0.97660822 0.98245615 0.98245615 0.98245615
0.55555558 0.99415207 0.98830408 0.98830408 0.98830408 0.98245615 0.97660822 0.97076023 0.97660822 0.97076023 0.97076023
0.11695907 0.97076023 0.97076023 0.97076023 0.97076023 0.97076023 0.96491230 0.96491230 0.97076023 0.97076023 0.97076023
0.39181286 0.97076023 0.97660822 0.97660822 0.97660822 0.97660822 0.98245615 0.98245615 0.98245615 0.97660822 0.98245615
0.11695907 0.97660822 0.97660822 0.97660822 0.98245615 0.98245615 0.97660822 0.98245615 0.98245615 0.98245615 0.98245615
0.89473683 0.97660822 0.97660822 0.97660822 0.97660822 0.97660822 0.96491230 0.97076023 0.96491230 0.96491230 0.96491230
0.55555558 0.96491230 0.95906430 0.95906430 0.97076023 0.97076023 0.96491230 0.95906430 0.96491230 0.95906430 0.95906430
0.39181286 0.97076023 0.98830408 0.98245615 0.98830408 0.98830408 0.98245615 0.98830408 0.97660822 0.97660822 0.97660822
0.28654972 0.98830408 0.98245615 0.98245615 0.97660822 0.98245615 0.97076023 0.98245615 0.98245615 0.98245615 0.98245615
0.29239765 0.97076023 0.98245615 0.98245615 0.98245615 0.98245615 0.98245615 0.98245615 0.98245615 0.97660822 0.97660822
0.25730994 0.97660822 0.98245615 0.98830408 0.98245615 0.98245615 0.98245615 0.98245615 0.98245615 0.98245615 0.98245615
0.50877196 0.98830408 0.98245615 0.98245615 0.98245615 0.98245615 0.98245615 0.98245615 0.98245615 0.98245615 0.98245615
0.40350878 0.99415207 0.99415207 0.99415207 0.99415207 0.98245615 0.98245615 0.97660822 0.97660822 0.97076023 0.97076023
0.90058482 0.97660822 0.97660822 0.97076023 0.97076023 0.97660822 0.97660822 0.97660822 0.97660822 0.97660822 0.97660822
0.66666669 0.97660822 0.98245615 0.98245615 0.98245615 0.97660822 0.97660822 0.97660822 0.97660822 0.97660822 0.97660822
0.77777779 0.98245615 0.98245615 0.98245615 0.98245615 0.98245615 0.98830408 0.98245615 0.98245615 0.98245615 0.98830408
0.17543860 0.97660822 0.97660822 0.97076023 0.96491230 0.97660822 0.97660822 0.97660822 0.97660822 0.97660822 0.97660822
0.22222222 0.97660822 0.97660822 0.97660822 0.97660822 0.97660822 0.97660822 0.97660822 0.97660822 0.97660822 0.97660822
0.53801167 0.97660822 0.98245615 0.98830408 0.98830408 0.98830408 0.98830408 0.98830408 0.98830408 0.98830408 0.98830408
0.64327484 0.96491230 0.98245615 0.98245615 0.98245615 0.98245615 0.97660822 0.96491230 0.97076023 0.97076023 0.97076023
