0.38011697 0.97076023 0.97660822 0.98245615 0.98245615 0.97660822 0.97660822 0.97660822 0.97660822 0.97660822 0.96491230
0.59064329 0.97076023 0.97076023 0.97076023 0.97076023 0.97076023 0.97076023 0.97076023 0.97076023 0.97660822 0.97660822
0.72514617 0.97660822 0.98830408 0.98830408 0.98830408 0.98830408 0.98830408 0.98830408 0.98830408 0.98245615 0.98830408
0.73099416 0.95906430 0.96491230 0.97076023 0.97660822 0.97660822 0.97076023 0.97076023 0.97076023 0.96491230 0.97076023
0.43274853 0.96491230 0.97076023 0.98245615 0.98245615 0.98245615 0.98245615 0.98245615 0.98245615 0.97660822 0.98245615
0.16374269 0.97660822 0.98245615 0.98245615 0.98245615 0.98245615 0.98245615 0.98245615 0.97660822 0.97660822 0.97660822
0.15789473 1.00000000 0.99415207 0.99415207 0.98830408 0.98245615 0.98245615 0.98830408 0.98830408 0.98830408 0.98245615
0.52046782 0.97660822 0.98245615 0.97660822 0.97660822 0.97660822 0.97660822 0.97076023 0.97660822 0.97660822 0.97076023
0.86549705 0.99415207 1.00000000 1.00000000 1.00000000 1.00000000 0.99415207 0.99415207 0.98830408 0.98830408 0.98830408
0.76023394 0.97660822 0.98245615 0.97076023 0.97076023 0.97076023 0.96491230 0.96491230 0.96491230 0.96491230 0.96491230
0.12865497 0.98245615 0.97660822 0.97660822 0.98245615 0.98245615 0.98245615 0.98245615 0.98245615 0.98245615 0.98245615
0.25730994 0.97660822 0.98830408 0.98830408 0.98830408 0.98830408 0.97660822 0.97076023 0.97076023 0.97660822 0.97660822
0.35087720 0.97660822 0.97660822 0.96491230 0.96491230 0.97076023 0.96491230 0.96491230 0.95906430 0.95321637 0.95321637
0.73684210 0.98830408 0.98245615 0.98245615 0.98245615 0.98245615 0.98245615 0.97660822 0.98245615 0.98245615 0.97660822
0.63742691 0.98245615 0.98245615 0.97660822 0.97660822 0.97660822 0.97076023 0.97076023 0.97076023 0.97076023 0.97076023
0.42105263 0.99415207 0.99415207 1.00000000 1.00000000 1.00000000 1.00000000 0.99415207 0.99415207 0.99415207 0.99415207
0.83625734 0.98245615 0.98245615 0.98245615 0.98245615 0.98245615 0.98245615 0.98245615 0.97660822 0.98245615 0.97660822
0.63157892 0.97660822 0.97076023 0.96491230 0.96491230 0.95906430 0.95906430 0.95906430 0.95906430 0.96491230 0.95906430
0.46783626 0.97660822 0.97076023 0.98245615 0.97660822 0.97660822 0.97660822 0.97660822 0.97660822 0.98245615 0.97076023
0.57894737 0.97076023 0.97076023 0.96491230 0.97076023 0.97076023 0.96491230 0.96491230 0.96491230 0.96491230 0.96491230
0.49707603 0.97076023 0.97660822 0.97660822 0.97660822 0.97076023 0.96491230 0.97076023 0.97076023 0.97076023 0.97076023
0.35672516 0.97076023 0.97660822 0.97660822 0.97660822 0.97660822 0.97660822 0.97660822 0.97660822 0.97660822 0.97660822
0.76023394 0.98830408 0.98830408 0.98830408 0.98830408 0.98830408 0.98830408 0.98830408 0.98830408 0.98830408 0.98830408
0.72514617 0.98245615 0.98245615 0.97660822 0.97076023 0.97660822 0.97076023 0.97076023 0.97076023 0.97076023 0.97076023
0.84210527 0.98830408 0.98830408 0.98830408 0.98830408 0.98830408 0.98245615 0.98245615 0.98245615 0.98245615 0.98245615
0.24561404 0.97660822 0.98245615 0.98245615 0.98245615 0.98245615 0.98245615 0.98245615 0.98245615 0.98245615 0.98245615
0.22807017 0.97076023 0.97076023 0.97076023 0.97076023 0.97076023 0.97076023 0.97076023 0.97660822 0.97076023 0.97660822
0.09941521 0.97660822 0.97660822 0.97660822 0.97660822 0.97660822 0.97660822 0.97660822 0.97660822 0.97660822 0.97660822
0.54385966 0.97660822 0.97660822 0.97660822 0.97660822 0.97660822 0.95906430 0.96491230 0.95906430 0.96491230 0.95906430
0.75438595 0.95321637 0.95321637 0.95321637 0.95321637 0.94736844 0.93567252 0.93567252 0.93567252 0.93567252 0.94152045
0.37426901 0.97660822 0.98830408 0.98245615 0.98245615 0.98245615 0.98245615 0.98245615 0.98245615 0.97660822 0.97660822
0.32163742 0.96491230 0.97076023 0.97076023 0.97076023 0.97076023 0.97076023 0.97076023 0.97076023 0.97076023 0.97076023
0.39766082 0.98245615 0.98830408 0.98830408 0.98830408 0.98830408 0.98830408 0.98245615 0.98245615 0.98245615 0.98245615
0.36842105 0.97660822 0.97660822 0.97076023 0.96491230 0.96491230 0.96491230 0.96491230 0.96491230 0.96491230 0.96491230
0.56140351 0.99415207 0.98830408 0.98830408 0.98830408 0.98245615 0.98245615 0.98245615 0.98245615 0.98245615 0.98245615
0.73099416 0.98830408 0.98830408 0.98830408 0.99415207 0.98245615 0.99415207 0.99415207 0.99415207 0.99415207 0.99415207
0.25146198 0.95906430 0.95321637 0.97076023 0.95906430 0.97660822 0.97660822 0.97660822 0.97660822 0.97660822 0.97076023
0.50877196 0.98245615 0.98245615 0.98245615 0.98245615 0.98245615 0.98245615 0.98245615 0.97660822 0.97660822 0.97660822
0.28070176 0.97076023 0.97660822 0.97076023 0.97076023 0.97076023 0.97076023 0.97076023 0.96491230 0.96491230 0.96491230
0.68421054 0.98245615 0.99415207 0.98830408 0.98830408 0.98830408 0.98830408 0.98830408 0.98830408 0.98830408 0.98245615
0.31578946 0.99415207 0.99415207 1.00000000 1.00000000 0.99415207 0.99415207 0.99415207 0.99415207 0.99415207 0.99415207
0.76023394 0.97660822 0.97660822 0.97660822 0.97660822 0.97076023 0.97076023 0.97076023 0.96491230 0.96491230 0.96491230
0.64912283 0.96491230 0.97076023 0.97076023 0.97076023 0.97076023 0.97076023 0.97660822 0.97076023 0.97076023 0.97076023
0.28654972 0.98830408 0.99415207 0.98830408 0.98245615 0.98245615 0.97660822 0.97660822 0.97660822 0.97660822 0.97660822
0.44444445 0.99415207 0.98830408 0.98830408 0.98830408 0.98830408 0.98245615 0.98245615 0.98245615 0.97660822 0.97660822
0.57894737 0.97076023 0.96491230 0.96491230 0.96491230 0.96491230 0.95906430 0.95906430 0.94736844 0.94736844 0.94152045
0.88888890 0.97660822 0.97660822 0.98245615 0.97660822 0.97076023 0.95906430 0.95906430 0.96491230 0.95906430 0.95906430
0.57894737 0.98830408 0.98245615 0.98245615 0.98245615 0.98245615 0.98245615 0.98245615 0.97076023 0.97076023 0.97076023
0.31578946 0.99415207 0.99415207 0.99415207 0.98245615 0.98245615 0.97660822 0.97660822 0.97660822 0.97076023 0.97660822
0.69590646 0.98830408 0.98830408 0.98830408 0.98830408 0.98830408 0.98830408 0.98830408 0.98830408 0.98830408 0.98245615
0.77777779 0.96491230 0.97076023 0.97660822 0.97660822 0.97660822 0.97660822 0.97660822 0.97660822 0.97660822 0.97660822
0.09941521 0.98245615 0.98245615 0.97660822 0.97660822 0.97660822 0.97660822 0.97660822 0.97076023 0.97076023 0.97076023
0.62573099 0.97660822 0.97660822 0.97660822 0.97660822 0.97660822 0.97660822 0.96491230 0.97076023 0.97076023 0.97076023
0.52631581 0.98245615 0.98245615 0.98245615 0.98245615 0.98245615 0.98245615 0.98245615 0.97660822 0.97660822 0.97660822
0.91228068 0.98830408 0.97660822 0.97660822 0.97660822 0.97076023 0.97076023 0.97076023 0.97076023 0.97076023 0.97660822
0.32748538 0.99415207 0.98830408 0.98245615 0.98245615 0.98245615 0.98245615 0.98245615 0.98245615 0.97660822 0.97660822
0.75438595 0.97076023 0.97660822 0.97076023 0.96491230 0.96491230 0.96491230 0.96491230 0.96491230 0.96491230 0.96491230
0.31578946 0.98830408 0.99415207 0.99415207 0.99415207 0.98830408 0.98830408 0.98830408 0.98830408 0.98830408 0.98245615
0.52046782 0.97660822 0.97076023 0.96491230 0.97076023 0.97076023 0.97076023 0.97076023 0.97076023 0.97076023 0.97076023
0.67251462 0.95321637 0.95906430 0.95321637 0.96491230 0.95321637 0.95321637 0.94736844 0.95321637 0.95321637 0.94736844
0.38011697 0.97660822 0.97660822 0.97076023 0.97076023 0.97660822 0.97076023 0.96491230 0.96491230 0.96491230 0.96491230
0.47368422 0.97660822 0.98245615 0.98245615 0.97660822 0.97660822 0.97660822 0.97660822 0.97660822 0.97660822 0.97660822
0.70760232 0.98830408 0.98245615 0.97660822 0.97660822 0.97660822 0.97660822 0.98245615 0.97660822 0.97660822 0.97660822
0.09941521 0.98830408 0.98245615 0.98245615 0.98830408 0.98830408 0.98830408 0.98830408 0.98245615 0.98245615 0.98245615
0.28654972 0.97076023 0.97076023 0.97076023 0.97076023 0.97660822 0.97660822 0.97076023 0.96491230 0.96491230 0.95906430
0.35672516 0.97076023 0.97660822 0.97660822 0.98245615 0.98245615 0.98245615 0.98245615 0.98830408 0.98830408 0.98830408
0.31578946 0.97076023 0.97076023 0.97660822 0.97660822 0.97660822 0.97660822 0.97660822 0.98245615 0.98245615 0.98245615
0.83040935 0.95321637 0.96491230 0.96491230 0.96491230 0.96491230 0.96491230 0.97076023 0.97076023 0.97076023 0.97076023
0.19883041 0.98245615 0.98245615 0.98245615 0.98245615 0.98245615 0.97660822 0.97660822 0.97660822 0.97660822 0.97660822
0.73684210 0.97660822 0.97076023 0.97660822 0.97076023 0.97076023 0.97076023 0.97660822 0.97660822 0.97660822 0.97660822
0.43859649 0.97660822 0.97660822 0.98245615 0.97660822 0.97660822 0.96491230 0.96491230 0.95906430 0.95906430 0.95321637
0.76023394 0.97076023 0.97076023 0.96491230 0.96491230 0.96491230 0.95906430 0.95906430 0.95906430 0.95321637 0.95906430
0.09356725 0.98245615 0.98830408 0.98830408 0.98830408 0.98830408 0.98830408 0.98245615 0.97660822 0.98245615 0.98245615
0.37426901 0.99415207 0.99415207 1.00000000 0.98830408 0.99415207 0.98245615 0.98830408 0.97660822 0.97660822 0.97660822
0.66081870 0.97660822 0.97660822 0.97660822 0.97660822 0.97660822 0.97660822 0.97660822 0.97660822 0.97660822 0.97660822
0.61988306 0.96491230 0.96491230 0.97076023 0.97076023 0.97076023 0.97076023 0.96491230 0.95906430 0.95906430 0.95906430
0.22807017 0.98830408 0.98830408 0.98830408 0.98830408 0.98830408 0.98830408 0.98830408 0.98830408 0.98830408 0.98830408
0.25730994 0.96491230 0.97660822 0.97660822 0.97660822 0.97660822 0.97076023 0.97076023 0.97076023 0.97076023 0.97076023
0.71345031 0.97660822 0.97660822 0.97660822 0.97076023 0.97076023 0.97076023 0.97076023 0.98245615 0.98245615 0.97660822
0.58479530 0.97660822 0.97660822 0.97660822 0.97660822 0.98245615 0.98245615 0.98245615 0.98245615 0.98245615 0.98245615
0.85380119 0.98830408 0.98830408 0.99415207 0.99415207 0.99415207 0.99415207 0.99415207 0.98830408 0.98830408 0.98830408
0.43859649 0.97076023 0.97660822 0.97660822 0.97660822 0.97660822 0.97660822 0.97660822 0.97660822 0.97660822 0.97660822
0.87719297 0.97076023 0.96491230 0.97076023 0.96491230 0.96491230 0.96491230 0.96491230 0.95906430 0.95321637 0.94736844
0.18128654 0.97660822 0.97660822 0.98245615 0.98245615 0.98245615 0.98245615 0.98245615 0.98245615 0.98245615 0.98245615
0.37426901 0.98830408 0.98245615 0.98245615 0.98245615 0.98245615 0.98245615 0.98245615 0.98245615 0.98245615 0.98245615
0.73684210 0.97660822 0.97660822 0.97660822 0.97660822 0.97076023 0.96491230 0.97076023 0.97076023 0.97076023 0.97076023
0.40935671 0.98245615 0.98245615 0.97076023 0.97076023 0.97076023 0.97076023 0.97076023 0.97076023 0.97076023 0.97076023
0.21052632 0.99415207 0.99415207 0.99415207 0.99415207 0.99415207 0.99415207 0.99415207 0.99415207 0.98830408 0.98830408
0.42690060 0.96491230 0.96491230 0.96491230 0.96491230 0.96491230 0.95906430 0.96491230 0.95906430 0.95906430 0.95906430
0.09356725 0.98245615 0.99415207 0.98830408 0.98830408 0.98830408 0.98830408 0.98830408 0.99415207 0.99415207 0.99415207
0.74269009 0.97076023 0.96491230 0.95906430 0.95906430 0.95906430 0.95906430 0.95321637 0.95321637 0.95906430 0.95906430
0.18713450 0.97076023 0.97660822 0.97660822 0.97076023 0.96491230 0.95906430 0.95906430 0.95906430 0.95906430 0.96491230
0.11111111 0.99415207 0.99415207 0.99415207 0.98830408 0.97660822 0.97660822 0.97660822 0.97660822 0.97660822 0.97076023
0.77777779 0.96491230 0.96491230 0.97076023 0.95906430 0.95906430 0.95321637 0.95321637 0.94736844 0.94736844 0.94152045
0.64912283 0.97660822 0.97076023 0.96491230 0.96491230 0.96491230 0.96491230 0.96491230 0.96491230 0.96491230 0.96491230
0.19883041 0.98245615 0.98245615 0.98245615 0.98245615 0.98245615 0.98245615 0.98245615 0.97660822 0.97660822 0.97660822
0.65497077 0.98245615 0.98245615 0.98830408 0.98830408 0.98830408 0.98830408 0.98830408 0.98830408 0.98830408 0.98830408
0.66081870 0.97660822 0.97660822 0.97660822 0.97660822 0.98245615 0.97660822 0.97076023 0.96491230 0.97076023 0.97076023
0.28070176 0.98245615 0.97660822 0.98245615 0.97076023 0.97076023 0.97076023 0.96491230 0.97076023 0.97076023 0.97076023
0.50292397 0.97660822 0.98245615 0.98830408 0.97660822 0.97660822 0.97660822 0.97660822 0.97660822 0.97660822 0.97660822
0.88304096 0.98245615 0.98245615 0.98245615 0.98245615 0.98830408 0.98830408 0.98830408 0.98830408 0.98830408 0.98830408
0.07602339 0.97076023 0.97660822 0.97660822 0.98245615 0.98245615 0.98830408 0.98830408 0.98830408 0.98830408 0.98830408
0.58479530 0.97660822 0.97076023 0.96491230 0.96491230 0.96491230 0.96491230 0.95906430 0.95906430 0.95321637 0.95906430
0.18128654 0.97076023 0.97076023 0.96491230 0.97660822 0.96491230 0.97076023 0.96491230 0.96491230 0.96491230 0.97076023
0.60233921 0.98830408 0.98830408 0.98830408 0.98830408 0.98830408 0.98830408 0.98830408 0.98830408 0.98830408 0.97660822
0.54970759 0.97660822 0.97660822 0.97660822 0.97660822 0.97660822 0.97660822 0.97076023 0.97660822 0.97076023 0.97076023
0.74269009 0.97660822 0.97660822 0.97660822 0.97660822 0.98245615 0.98245615 0.97660822 0.97660822 0.98245615 0.97660822
0.16374269 0.98245615 0.98245615 0.98245615 0.97660822 0.97660822 0.97660822 0.97660822 0.97076023 0.97076023 0.97660822
0.67836255 0.97660822 0.98830408 0.98830408 0.98830408 0.98830408 0.98245615 0.97660822 0.97660822 0.97660822 0.97660822
0.50877196 0.96491230 0.96491230 0.96491230 0.96491230 0.95906430 0.96491230 0.96491230 0.96491230 0.96491230 0.96491230
0.23976608 0.99415207 0.99415207 0.98830408 0.98830408 0.98830408 0.98830408 0.98830408 0.98830408 0.98830408 0.98830408
0.18713450 0.98245615 0.98245615 0.98245615 0.98245615 0.98245615 0.98245615 0.98245615 0.98245615 0.98245615 0.98245615
0.32748538 0.97076023 0.98245615 0.98245615 0.98245615 0.98245615 0.98245615 0.98245615 0.98245615 0.98245615 0.98245615
0.82456142 0.97660822 0.97076023 0.97076023 0.98245615 0.98245615 0.98245615 0.97076023 0.96491230 0.96491230 0.96491230
0.60233921 0.97660822 0.97660822 0.97660822 0.97660822 0.97660822 0.97660822 0.97660822 0.97660822 0.97660822 0.97660822
0.19298245 0.96491230 0.96491230 0.96491230 0.97660822 0.97660822 0.97660822 0.97660822 0.97660822 0.97660822 0.97660822
0.86549705 0.98245615 0.98245615 0.98245615 0.98245615 0.98245615 0.98245615 0.97076023 0.97076023 0.97660822 0.97076023
0.84210527 0.99415207 0.98245615 0.98830408 0.98830408 0.98830408 0.98830408 0.99415207 0.98245615 0.98830408 0.98245615
0.84795320 0.97660822 0.98245615 0.98830408 0.98830408 0.98830408 0.98830408 0.98245615 0.98245615 0.98245615 0.98245615
0.75438595 0.97076023 0.97076023 0.97076023 0.97660822 0.97660822 0.97076023 0.96491230 0.97076023 0.96491230 0.96491230
0.42690060 0.94736844 0.95321637 0.95321637 0.95906430 0.95906430 0.95906430 0.95906430 0.95906430 0.96491230 0.96491230
0.14619882 0.98245615 0.97660822 0.97076023 0.96491230 0.95321637 0.94736844 0.94736844 0.94736844 0.94152045 0.94152045
0.29239765 0.98245615 0.97660822 0.97076023 0.96491230 0.96491230 0.96491230 0.95321637 0.95321637 0.95321637 0.95321637
0.23976608 0.97076023 0.97660822 0.97660822 0.97076023 0.97076023 0.97076023 0.97076023 0.97076023 0.97076023 0.97076023
0.54385966 0.98245615 0.98245615 0.98830408 0.98830408 0.98830408 0.98245615 0.98245615 0.98245615 0.97660822 0.97660822
0.32748538 0.96491230 0.97076023 0.97076023 0.97076023 0.97076023 0.97076023 0.96491230 0.96491230 0.96491230 0.96491230
