0.40935671 0.90058482 0.91812867 0.92397660 0.92982459 0.91228068 0.91812867 0.92982459 0.92397660 0.94152045 0.91812867
0.61403507 0.92397660 0.92982459 0.92397660 0.92982459 0.93567252 0.94152045 0.94152045 0.94736844 0.95906430 0.96491230
0.56725144 0.88304096 0.90058482 0.91228068 0.91812867 0.91812867 0.92397660 0.92397660 0.92397660 0.92397660 0.93567252
0.43859649 0.87134504 0.87719297 0.90643275 0.89473683 0.91812867 0.89473683 0.90058482 0.91228068 0.89473683 0.91228068
0.67251462 0.92397660 0.92397660 0.94152045 0.93567252 0.92982459 0.94736844 0.94736844 0.95321637 0.94736844 0.95906430
0.84210527 0.88304096 0.90643275 0.91812867 0.92982459 0.92397660 0.92397660 0.91812867 0.92397660 0.92397660 0.92982459
0.62573099 0.90643275 0.92397660 0.92397660 0.92397660 0.92982459 0.94152045 0.94152045 0.94152045 0.94152045 0.95321637
0.69590646 0.88888890 0.89473683 0.90058482 0.90643275 0.91228068 0.91812867 0.91228068 0.92397660 0.92982459 0.92982459
0.53216374 0.92397660 0.92982459 0.94152045 0.93567252 0.93567252 0.93567252 0.93567252 0.94736844 0.93567252 0.93567252
0.61403507 0.89473683 0.92397660 0.92982459 0.93567252 0.94152045 0.94736844 0.93567252 0.94152045 0.94736844 0.95321637
0.73099416 0.95321637 0.95321637 0.91228068 0.96491230 0.95906430 0.97076023 0.95906430 0.97076023 0.96491230 0.97076023
0.62573099 0.90643275 0.90643275 0.92397660 0.92982459 0.92397660 0.93567252 0.95321637 0.94152045 0.93567252 0.94152045
0.65497077 0.88888890 0.90058482 0.89473683 0.89473683 0.91228068 0.90058482 0.90643275 0.90058482 0.90058482 0.91228068
0.61403507 0.90643275 0.91228068 0.93567252 0.92982459 0.91812867 0.92982459 0.95321637 0.95321637 0.94736844 0.95321637
0.60818714 0.88304096 0.90058482 0.90058482 0.92397660 0.93567252 0.94152045 0.94152045 0.95321637 0.94152045 0.94152045
0.38596490 0.90058482 0.91812867 0.92397660 0.93567252 0.92397660 0.95321637 0.92397660 0.95906430 0.95321637 0.95906430
0.59649122 0.90643275 0.92397660 0.92397660 0.91228068 0.93567252 0.94736844 0.94152045 0.94152045 0.94152045 0.94736844
0.67836255 0.92982459 0.92982459 0.94152045 0.93567252 0.92982459 0.95321637 0.94152045 0.95906430 0.92982459 0.95906430
0.64327484 0.93567252 0.93567252 0.94152045 0.95321637 0.96491230 0.95906430 0.96491230 0.97660822 0.95906430 0.96491230
0.61988306 0.84795320 0.87134504 0.87719297 0.88888890 0.91812867 0.90643275 0.91812867 0.91228068 0.92397660 0.91812867
0.87134504 0.94736844 0.94736844 0.95906430 0.93567252 0.95906430 0.95906430 0.94736844 0.96491230 0.95906430 0.96491230
0.61988306 0.92397660 0.90058482 0.90643275 0.91812867 0.91812867 0.92982459 0.94152045 0.93567252 0.93567252 0.94736844
0.61403507 0.91228068 0.91228068 0.91812867 0.91228068 0.91228068 0.92397660 0.92397660 0.93567252 0.92982459 0.94152045
0.60818714 0.92397660 0.92397660 0.91812867 0.92397660 0.92397660 0.92397660 0.92397660 0.91812867 0.91812867 0.92982459
0.64912283 0.94152045 0.95906430 0.96491230 0.96491230 0.97660822 0.97660822 0.97660822 0.97076023 0.97076023 0.97660822
0.93567252 0.88888890 0.89473683 0.90058482 0.90058482 0.91228068 0.91228068 0.91228068 0.91812867 0.92982459 0.92397660
0.57894737 0.90643275 0.93567252 0.93567252 0.94152045 0.95321637 0.94736844 0.95321637 0.95321637 0.96491230 0.95321637
0.66081870 0.88304096 0.88888890 0.90058482 0.90643275 0.92982459 0.92397660 0.93567252 0.94152045 0.94152045 0.94152045
0.63157892 0.89473683 0.90058482 0.90643275 0.91812867 0.91228068 0.92982459 0.92982459 0.93567252 0.93567252 0.92397660
0.46198830 0.89473683 0.89473683 0.90643275 0.91812867 0.92397660 0.93567252 0.92982459 0.92982459 0.94152045 0.94152045
0.60233921 0.91812867 0.92397660 0.93567252 0.93567252 0.93567252 0.93567252 0.94152045 0.94152045 0.94152045 0.94736844
0.65497077 0.90058482 0.90058482 0.91228068 0.91228068 0.91812867 0.93567252 0.92982459 0.91812867 0.92982459 0.93567252
0.63742691 0.95906430 0.95906430 0.97076023 0.97076023 0.96491230 0.97076023 0.96491230 0.97076023 0.97660822 0.97660822
0.21052632 0.88304096 0.88304096 0.90058482 0.90643275 0.90643275 0.90058482 0.90643275 0.92397660 0.90643275 0.91228068
0.78362572 0.95906430 0.95906430 0.93567252 0.96491230 0.95321637 0.95906430 0.94152045 0.95321637 0.97660822 0.96491230
0.58479530 0.86549705 0.88304096 0.88304096 0.88888890 0.90058482 0.89473683 0.90058482 0.90058482 0.90058482 0.90058482
0.57309943 0.91228068 0.92982459 0.91812867 0.90643275 0.92982459 0.92982459 0.92982459 0.94736844 0.92397660 0.92982459
0.53801167 0.90643275 0.91228068 0.92397660 0.92982459 0.93567252 0.93567252 0.93567252 0.94152045 0.93567252 0.94736844
0.65497077 0.92397660 0.92982459 0.93567252 0.94152045 0.94152045 0.94152045 0.93567252 0.94736844 0.94736844 0.94152045
0.63157892 0.91228068 0.92982459 0.92982459 0.92397660 0.94736844 0.94152045 0.94152045 0.94736844 0.94152045 0.94152045
0.64912283 0.91228068 0.91812867 0.93567252 0.92982459 0.94152045 0.93567252 0.94736844 0.93567252 0.93567252 0.95906430
0.78947371 0.92397660 0.94152045 0.94736844 0.91812867 0.94736844 0.95906430 0.94152045 0.94736844 0.94736844 0.97660822
0.47368422 0.91228068 0.91812867 0.91812867 0.92397660 0.92397660 0.93567252 0.93567252 0.92982459 0.95321637 0.97076023
0.62573099 0.90643275 0.90643275 0.92982459 0.92397660 0.94736844 0.95321637 0.95321637 0.95321637 0.95321637 0.95321637
0.66081870 0.92397660 0.92982459 0.92982459 0.93567252 0.93567252 0.93567252 0.94152045 0.94152045 0.94152045 0.94736844
0.59649122 0.90058482 0.91228068 0.92982459 0.92397660 0.92982459 0.92397660 0.93567252 0.93567252 0.94152045 0.94736844
0.60818714 0.91228068 0.92397660 0.92397660 0.93567252 0.93567252 0.93567252 0.94152045 0.94736844 0.94736844 0.94152045
0.18128654 0.91812867 0.88304096 0.92982459 0.91812867 0.93567252 0.94152045 0.94152045 0.94152045 0.94152045 0.94736844
0.63742691 0.90058482 0.91812867 0.92982459 0.92982459 0.92982459 0.93567252 0.94152045 0.93567252 0.94736844 0.94736844
0.54970759 0.94736844 0.96491230 0.97076023 0.96491230 0.97076023 0.97076023 0.98245615 0.98245615 0.97660822 0.98245615
0.64912283 0.93567252 0.94152045 0.94152045 0.94152045 0.94152045 0.93567252 0.95321637 0.96491230 0.96491230 0.95906430
0.62573099 0.89473683 0.90058482 0.91228068 0.90058482 0.90643275 0.91228068 0.92397660 0.93567252 0.92982459 0.94152045
0.60233921 0.90058482 0.90643275 0.91228068 0.91812867 0.91812867 0.91228068 0.92397660 0.91812867 0.92982459 0.92982459
0.61988306 0.90643275 0.91228068 0.92397660 0.94152045 0.94152045 0.94152045 0.95321637 0.95321637 0.95321637 0.96491230
0.56725144 0.90643275 0.90643275 0.91228068 0.92397660 0.91228068 0.91812867 0.91812867 0.92982459 0.92982459 0.92982459
0.60818714 0.94152045 0.94736844 0.94152045 0.94152045 0.95321637 0.95321637 0.95321637 0.95321637 0.97076023 0.95906430
0.60818714 0.91812867 0.92397660 0.92397660 0.93567252 0.92982459 0.93567252 0.93567252 0.93567252 0.93567252 0.94736844
0.39181286 0.92982459 0.92397660 0.94152045 0.94152045 0.94152045 0.94152045 0.94736844 0.94152045 0.94152045 0.94736844
0.88888890 0.86549705 0.88888890 0.91812867 0.92982459 0.92982459 0.92982459 0.93567252 0.93567252 0.94152045 0.93567252
0.70175439 0.92982459 0.92397660 0.92982459 0.94152045 0.94152045 0.94152045 0.94152045 0.95321637 0.94736844 0.94736844
0.41520467 0.89473683 0.89473683 0.91228068 0.92397660 0.92397660 0.91812867 0.92397660 0.92397660 0.93567252 0.92982459
0.64912283 0.90058482 0.92397660 0.91812867 0.95321637 0.93567252 0.94736844 0.95321637 0.94736844 0.95906430 0.96491230
0.64327484 0.87719297 0.89473683 0.90058482 0.90643275 0.91228068 0.90643275 0.91228068 0.91228068 0.92982459 0.92397660
0.61988306 0.88888890 0.90058482 0.90058482 0.90643275 0.90643275 0.91228068 0.91812867 0.92397660 0.92397660 0.92397660
0.49122807 0.89473683 0.89473683 0.90643275 0.91228068 0.92397660 0.92982459 0.92397660 0.93567252 0.92982459 0.94152045
0.61403507 0.88304096 0.91228068 0.93567252 0.94736844 0.95906430 0.96491230 0.96491230 0.95906430 0.96491230 0.96491230
0.62573099 0.92982459 0.92982459 0.93567252 0.94736844 0.94152045 0.94152045 0.94152045 0.94152045 0.94736844 0.94152045
0.84795320 0.91228068 0.92982459 0.92982459 0.92982459 0.93567252 0.93567252 0.94736844 0.95321637 0.94736844 0.95321637
0.44444445 0.91812867 0.92397660 0.94152045 0.93567252 0.94736844 0.94736844 0.95321637 0.94736844 0.95321637 0.95321637
0.64327484 0.91228068 0.92982459 0.92982459 0.94152045 0.94152045 0.92982459 0.94736844 0.94152045 0.93567252 0.94736844
0.33918127 0.91228068 0.93567252 0.92982459 0.92982459 0.92982459 0.94152045 0.92982459 0.94736844 0.94152045 0.94152045
0.52046782 0.92982459 0.92397660 0.92397660 0.93567252 0.93567252 0.94152045 0.95321637 0.94736844 0.95321637 0.95321637
0.28654972 0.91228068 0.91228068 0.90643275 0.91228068 0.91812867 0.91812867 0.92982459 0.92397660 0.94736844 0.94736844
0.59649122 0.89473683 0.90643275 0.91228068 0.91812867 0.91812867 0.92397660 0.91812867 0.94152045 0.94152045 0.94152045
0.55555558 0.89473683 0.89473683 0.90058482 0.91228068 0.91228068 0.91228068 0.90643275 0.90643275 0.90643275 0.90643275
0.67251462 0.90058482 0.90643275 0.91812867 0.92397660 0.92982459 0.92982459 0.93567252 0.93567252 0.93567252 0.93567252
0.59064329 0.90058482 0.91812867 0.91812867 0.90643275 0.92397660 0.90643275 0.92982459 0.92397660 0.92982459 0.92982459
0.66081870 0.91812867 0.92397660 0.92397660 0.92982459 0.92982459 0.92397660 0.92982459 0.92982459 0.92982459 0.92982459
0.64912283 0.93567252 0.91812867 0.94152045 0.94152045 0.93567252 0.95321637 0.95321637 0.95906430 0.94152045 0.95906430
0.62573099 0.90643275 0.92397660 0.92397660 0.94152045 0.94736844 0.95321637 0.94736844 0.95906430 0.94736844 0.95906430
0.61403507 0.91228068 0.92397660 0.91228068 0.93567252 0.92982459 0.93567252 0.92397660 0.92397660 0.94152045 0.94152045
0.60233921 0.92397660 0.96491230 0.97076023 0.97660822 0.97660822 0.98245615 0.98245615 0.98830408 0.98830408 0.97660822
0.66081870 0.91228068 0.91228068 0.92982459 0.94736844 0.94152045 0.90058482 0.90058482 0.90643275 0.95321637 0.95321637
0.56725144 0.87719297 0.89473683 0.89473683 0.90058482 0.93567252 0.90643275 0.90643275 0.92397660 0.91812867 0.91812867
0.66666669 0.91812867 0.92982459 0.92397660 0.94152045 0.94152045 0.94152045 0.94736844 0.95321637 0.93567252 0.94736844
0.56140351 0.86549705 0.86549705 0.88304096 0.90643275 0.90643275 0.90643275 0.90643275 0.92982459 0.91228068 0.94152045
0.61403507 0.92397660 0.92397660 0.93567252 0.94152045 0.93567252 0.94152045 0.94152045 0.94152045 0.93567252 0.95321637
0.58479530 0.90643275 0.90643275 0.90058482 0.92397660 0.92982459 0.91812867 0.93567252 0.93567252 0.94736844 0.94736844
0.60818714 0.90643275 0.91228068 0.92397660 0.92397660 0.93567252 0.93567252 0.94152045 0.94152045 0.95906430 0.95321637
0.76608187 0.85964912 0.90643275 0.90058482 0.90643275 0.90643275 0.91812867 0.90643275 0.92982459 0.91812867 0.92982459
0.64327484 0.90058482 0.91228068 0.90643275 0.90643275 0.92397660 0.92982459 0.93567252 0.92982459 0.92982459 0.92397660
0.76608187 0.89473683 0.90058482 0.91812867 0.94152045 0.94152045 0.93567252 0.94152045 0.94152045 0.94152045 0.94736844
0.59649122 0.90643275 0.90058482 0.91228068 0.92397660 0.94152045 0.92397660 0.94736844 0.94736844 0.94736844 0.94152045
0.44444445 0.91228068 0.90643275 0.91812867 0.91812867 0.91812867 0.94152045 0.94152045 0.94152045 0.94152045 0.94736844
0.15789473 0.90058482 0.91228068 0.91812867 0.92397660 0.92982459 0.92397660 0.92397660 0.94152045 0.92397660 0.93567252
0.39766082 0.90643275 0.90643275 0.91812867 0.92397660 0.91812867 0.92982459 0.92982459 0.91812867 0.92397660 0.92982459
0.58479530 0.88888890 0.90058482 0.90643275 0.91228068 0.91228068 0.91228068 0.91812867 0.91228068 0.91812867 0.93567252
0.61403507 0.93567252 0.94152045 0.94152045 0.94152045 0.94736844 0.95321637 0.95321637 0.95906430 0.95321637 0.95906430
0.72514617 0.90643275 0.89473683 0.89473683 0.90643275 0.91812867 0.92982459 0.91228068 0.91228068 0.93567252 0.93567252
0.78947371 0.88304096 0.91228068 0.91812867 0.92397660 0.92982459 0.92397660 0.94152045 0.94736844 0.94152045 0.95906430
0.57309943 0.92982459 0.94152045 0.94152045 0.94152045 0.94152045 0.94736844 0.94736844 0.95321637 0.95906430 0.94736844
0.82456142 0.90058482 0.92982459 0.93567252 0.93567252 0.91228068 0.93567252 0.94152045 0.92397660 0.94736844 0.95321637
0.40935671 0.94736844 0.94736844 0.93567252 0.93567252 0.93567252 0.94152045 0.93567252 0.93567252 0.95321637 0.92982459
0.29239765 0.91812867 0.92397660 0.93567252 0.93567252 0.92982459 0.93567252 0.92982459 0.95321637 0.94736844 0.93567252
0.57309943 0.90643275 0.88888890 0.88888890 0.90058482 0.90058482 0.90058482 0.90058482 0.91228068 0.90058482 0.90058482
0.63157892 0.90643275 0.91228068 0.92397660 0.94736844 0.93567252 0.94152045 0.94152045 0.92982459 0.93567252 0.93567252
0.63742691 0.92397660 0.91228068 0.92982459 0.92982459 0.93567252 0.92982459 0.95321637 0.95321637 0.95321637 0.95321637
0.63742691 0.90643275 0.91228068 0.90643275 0.91812867 0.93567252 0.94152045 0.94736844 0.94736844 0.94736844 0.93567252
0.54970759 0.93567252 0.94152045 0.92982459 0.94736844 0.94152045 0.94736844 0.94736844 0.94736844 0.95321637 0.95321637
0.42690060 0.95321637 0.94736844 0.95321637 0.96491230 0.96491230 0.95906430 0.95906430 0.97076023 0.96491230 0.97076023
0.61988306 0.87134504 0.88888890 0.87134504 0.87719297 0.90058482 0.90643275 0.91228068 0.90643275 0.92397660 0.93567252
0.15789473 0.92397660 0.92982459 0.93567252 0.94152045 0.93567252 0.94736844 0.95321637 0.94152045 0.94152045 0.94736844
0.57894737 0.91812867 0.92982459 0.93567252 0.93567252 0.93567252 0.94736844 0.94152045 0.94152045 0.95321637 0.94152045
0.43274853 0.88888890 0.91228068 0.91812867 0.91812867 0.93567252 0.94152045 0.94736844 0.94736844 0.94736844 0.95906430
0.60233921 0.90643275 0.92397660 0.92982459 0.90643275 0.91228068 0.92982459 0.92397660 0.92397660 0.92982459 0.93567252
0.61988306 0.93567252 0.92982459 0.94152045 0.94152045 0.94736844 0.95321637 0.95906430 0.96491230 0.97076023 0.97076023
0.54970759 0.90643275 0.91228068 0.93567252 0.93567252 0.94736844 0.94152045 0.95321637 0.94736844 0.95321637 0.95906430
0.86549705 0.90058482 0.90643275 0.91228068 0.91228068 0.92397660 0.92397660 0.92982459 0.92982459 0.94152045 0.92982459
0.60818714 0.90643275 0.93567252 0.93567252 0.94152045 0.95321637 0.96491230 0.95906430 0.96491230 0.96491230 0.95321637
0.43859649 0.90643275 0.90058482 0.90058482 0.91228068 0.93567252 0.94152045 0.94736844 0.94152045 0.94736844 0.95321637
0.59064329 0.91228068 0.91812867 0.92982459 0.92982459 0.94152045 0.94152045 0.93567252 0.95321637 0.94736844 0.94736844
0.53216374 0.88888890 0.90643275 0.91812867 0.92982459 0.91812867 0.92982459 0.93567252 0.93567252 0.94152045 0.95906430
0.12865497 0.90058482 0.93567252 0.94152045 0.94152045 0.94736844 0.94736844 0.94736844 0.94736844 0.94736844 0.94152045
0.51461989 0.85380119 0.88888890 0.90643275 0.89473683 0.91228068 0.91228068 0.91812867 0.91228068 0.91228068 0.92397660
0.64327484 0.93567252 0.93567252 0.93567252 0.94736844 0.92982459 0.94736844 0.94152045 0.94736844 0.95321637 0.95321637
0.35672516 0.91812867 0.92397660 0.92397660 0.92982459 0.91812867 0.93567252 0.93567252 0.93567252 0.94736844 0.94152045
