0.64912283 0.94152045 0.94736844 0.95321637 0.96491230 0.97076023 0.97076023 0.97660822 0.97660822 0.98245615 0.97660822
0.18713450 0.94736844 0.95321637 0.95906430 0.95906430 0.95906430 0.95906430 0.96491230 0.96491230 0.97076023 0.97076023
0.51461989 0.95906430 0.95906430 0.98245615 0.98245615 0.98245615 0.98830408 0.98830408 0.99415207 0.99415207 0.99415207
0.49122807 0.96491230 0.96491230 0.96491230 0.96491230 0.96491230 0.96491230 0.97076023 0.97660822 0.97660822 0.97660822
0.83625734 0.96491230 0.97076023 0.97076023 0.97660822 0.98245615 0.98245615 0.98830408 0.98830408 0.98830408 0.98830408
0.84795320 0.92982459 0.94736844 0.94736844 0.94736844 0.95321637 0.95321637 0.96491230 0.96491230 0.96491230 0.96491230
0.71345031 0.98830408 0.98245615 0.98245615 0.98245615 0.98245615 0.97660822 0.98245615 0.98245615 0.98245615 0.98245615
0.28654972 0.95321637 0.95906430 0.96491230 0.96491230 0.97076023 0.97076023 0.97076023 0.97076023 0.97076023 0.97076023
0.25146198 0.95321637 0.95906430 0.96491230 0.96491230 0.96491230 0.98245615 0.97660822 0.98245615 0.98245615 0.98245615
0.82456142 0.96491230 0.97076023 0.96491230 0.96491230 0.96491230 0.96491230 0.96491230 0.97076023 0.97660822 0.97660822
0.85380119 0.94736844 0.96491230 0.96491230 0.97076023 0.97076023 0.97076023 0.97076023 0.97076023 0.97076023 0.97076023
0.20467836 0.93567252 0.95906430 0.95906430 0.95906430 0.95321637 0.95321637 0.95321637 0.95321637 0.95906430 0.95906430
0.36842105 0.87719297 0.90058482 0.91228068 0.91812867 0.91812867 0.92397660 0.92397660 0.93567252 0.94152045 0.94152045
0.60233921 0.95906430 0.96491230 0.96491230 0.97076023 0.97076023 0.97076023 0.97076023 0.97076023 0.97076023 0.97076023
